10001100
11000101
01100101
11011011
11100001
01000100
10001110
01100001
11110011
11100110
10100010
01101100
10001100
10110110
11101100
10011101
01100011
01100001
11111000
00101001
11101101
00110101
11000000
10110100
11110000
00000010
01100111
01101001
10110110
10001101
100000000
11100111
11000010
10110100
11001100
11000100
11010000
00110111
10010101
10001101
01111110
00001101
10100000
01110010
10011000
11111010
11101001
11100110
00101011
10000000
01101001
11111100
01010011
11010001
10010111
10100011
10000110
10111110
11101110
00000110
10001111
00001110
11000111
11110111
10010110
01111101
11000100
11110000
01101010
10001001
00110111
00010100
00110001
01111110
11100100
01010010
01111001
01111101
10010011
11000000
01001110
00110000
10100100
01000100
10011101
10110110
10111011
11011111
01011100
10010101
10100000
01001100
01110110
01010110
01001111
10100100
10010111
00001100
11101101
00011100
11111010
10001100
11001100
10011100
00011011
10100010
01001000
00010101
10111010
10010100
01010000
00001000
00001111
11111100
00000110
01111001
10100101
10000001
01011111
11000100
10110101
11001101
00110010
10101100
10010101
01100011
10011010
01000111
