-0.349058
2.48096
-0.325605
-0.0900081
-0.963227
-0.130223
-0.730176
-0.39588
-1.66915
1.47396
-0.907569
-0.757322
0.322718
0.567592
0.152168
-0.955523
0.13826
-0.805084
-0.926981
0.0206103
0.720991
-0.257814
-0.182212
-0.13418
1.04836
-1.56139
-0.00434687
-0.192246
-0.248331
0.338322
-0.263358
1.21262
0.869695
-0.663957
0.370739
-0.0194354
0.685973
0.284577
1.00644
0.593316
1.47581
1.88698
0.00153715
1.35245
-0.152483
-0.248287
-1.96904
-0.0201827
-0.130915
-1.00034
1.05276
-0.00789262
0.0735338
0.742991
-1.13156
-0.243826
-0.628959
0.77657
0.169093
-1.65148
0.0041326
-6.35968
0.610927
-0.97753
-0.373901
-2.29558
-0.64903
-0.0719554
-0.408214
-1.01973
-0.746725
-0.00574286
-0.968648
-2.51864
-0.642996
-1.47624
0.0572483
1.33969
-0.837646
1.25746
-0.0677117
-2.75741
-0.658999
-0.0662199
0.386587
-0.039242
-0.395254
0.0669515
0.145233
-0.549682
-0.642648
-1.30962
-0.323238
0.0149137
-0.299396
-0.602248
-0.744645
-1.28252
0.13086
-0.0679279
0.460361
-0.632402
-1.13086
-0.0612618
-1.10925
-0.473296
0.285116
-0.189505
-0.0757165
-2.30177
0.0772948
-0.631733
-0.529693
0.887256
-0.0170893
-0.0258687
-2.02084
-1.01407
-0.00645112
-0.411473
0.26823
0.603949
-0.838295
0.165809
-0.0651693
0.156581
-0.412306
-0.521978
-0.350645
-1.26251
-1.16081
-0.006502
-0.724681
1.01655
-0.747595
0.268416
1.01112
0.436355
-1.76206
-0.0775695
0.716123
0.604779
0.664405
0.750929
-0.840599
-0.493658
-1.02726
0.00269413
0.828775
0.0588592
1.75875
-0.353772
1.34102
-0.574533
-1.15071
0.996457
-0.408195
-0.374964
1.14477
0.0196936
0.0417966
-2.0711
1.36633
0.0185868
0.267887
-0.819414
-2.42766
0.285303
-2.13923
0.43769
0.0941145
0.285721
0.189123
0.483144
1.08516
-0.402571
0.285796
-0.718117
-0.247287
-0.093104
0.512678
0.136917
0.383198
0.39556
1.32708
1.05839
1.13695
-1.35977
-0.0033086
0.055127
0.322613
0.00404723
0.0787943
-0.294962
-0.636688
-0.00556059
-0.286679
0.11341
-1.56729
-0.101371
1.53764
-1.01497
-1.19754
0.888324
0.929128
-3.82168
1.17241
0.548326
0.0563084
-0.0658709
-0.514941
0.0368108
-2.13989
0.0161931
-0.0510041
0.0693076
1.38331
3.28934
0.519567
-0.352305
-0.311429
0.177521
0.571585
0.465372
0.434556
0.0913963
-0.0953964
-0.0184952
-0.851207
-0.0131454
0.662033
-0.529847
1.36523
2.93707
0.0110913
0.043598
-0.825484
0.989159
-0.49802
0.0319658
0.939641
-3.30453
1.3177
0.0297251
-0.306011
-0.299372
0.0880398
-0.2222
-1.17413
-0.827464
1.12323
-0.784737
-0.374352
0.409722
0.578069
-0.928519
0.621525
-0.840182
-0.105636
-0.0705663
-0.554958
0.816923
-0.280774
-0.790751
1.33503
-1.00565
0.241287
1.28455
0.0808483
1.2987
-1.75898
-0.649895
-0.28207
-0.463593
0.297875
0.0106482
0.232894
-0.439457
0.907374
-0.103846
0.510171
2.89142
0.525388
0.726182
0.565594
0.36008
1.02889
-0.0152072
0.832984
-0.287282
0.266615
-0.0742465
1.11154
-0.720879
-0.769468
-0.904134
1.22185
1.74425
-0.391277
0.202265
-0.130824
1.26603
-1.85178
-0.799143
-0.0384497
-0.999633
0.0799873
-0.0862693
-1.11103
0.417438
0.913274
1.06745
-0.389243
1.26776
1.1261
-1.9434
0.377913
-0.935542
1.54104
-0.0616435
-0.138084
0.842001
-0.377463
0.0486129
-0.413373
-1.01493
-0.2074
-0.778856
0.443336
0.224302
0.115495
-2.03087
-0.205881
0.124443
-0.681834
0.194138
0.365513
-0.926598
0.287702
-0.106849
-1.64232
0.158489
-0.474903
-0.667457
1.12534
2.56155
0.735496
-1.69485
-0.0557195
-1.4618
-0.109373
-0.102202
-0.395625
-1.32611
-1.01724
0.0507094
0.62722
-0.446073
-0.36558
0.490537
0.184491
-1.11107
-0.509678
0.22118
0.278415
0.928723
1.12837
0.468479
0.372698
-2.25166
0.497121
-0.0415475
-0.85217
0.045615
-0.422466
0.586941
-2.08974
1.00224
0.517598
-0.0419827
0.740289
0.042588
-0.41737
-1.09856
0.586338
-1.6047
0.204526
-0.0106316
0.163661
0.132811
0.846079
1.18509
1.95527
2.16019
0.722729
-2.86482
0.434915
-0.286298
-0.460206
0.546543
-0.309553
-0.936113
-0.695663
-0.0410457
1.6339
-0.585018
2.69474
-0.149782
-1.53924
-0.226647
0.576992
0.416027
0.228476
0.233721
-0.732717
-0.829833
0.85305
-2.3616
1.66695
0.0162953
-1.53039
-0.446681
-1.44869
-0.440896
-1.32313
-1.48399
0.209501
0.57548
-1.47749
0.741472
0.696481
-0.184534
-0.120657
-0.720219
0.315294
0.0362433
0.70033
-0.0719202
0.704882
-0.0937683
1.74415
0.435915
0.138146
-1.26883
0.815834
-0.594899
-1.89423
-0.34226
0.306435
0.900373
0.414833
-0.0315961
1.1922
1.28986
0.175695
0.43376
0.80768
0.105737
0.956887
-0.668309
-0.0779932
0.196181
-0.454638
0.136767
-0.307211
-1.53386
0.938807
0.0173056
0.0912029
0.622646
-1.26005
0.662552
-1.37238
-1.48788
0.379195
0.0016934
-0.610182
-0.344605
-0.370396
0.0882467
-1.08106
-0.521784
0.0198931
-0.0342248
0.755947
0.358189
1.10949
0.898542
1.73138
-0.706807
-1.53334
0.598404
0.041657
0.0114171
0.584921
0.0769387
0.596849
0.790369
-0.81949
-0.103539
-0.834649
0.781522
-0.385695
-0.200043
1.18125
1.19756
-0.200172
-1.71394
-0.0535802
-1.05414
-1.3235
-0.207418
