-0.977859
-1.39918
0.125356
-0.421634
-0.604907
-1.38598
-0.48193
-0.306307
-0.955851
0.726253
-0.757322
-0.578204
-0.023052
0.335382
-1.27594
-0.745385
-0.558
0.210637
-0.539463
-1.36853
-0.694442
-0.49142
-1.19557
-0.872096
0.712316
-0.29926
-0.192246
0.773082
0.88376
0.936306
-0.422274
-2.36243
0.215036
0.0930537
0.798014
1.7414
0.385337
-0.855562
-1.19195
-1.0444
-0.181894
0.872886
1.35245
1.1207
0.510061
0.190949
-0.146559
-1.35744
0.253954
-0.113424
0.402681
0.136724
-0.673062
-0.608938
0.439366
-0.764816
-1.44438
-3.45001
-1.65148
-0.0353926
1.76675
0.082138
0.475127
1.74269
0.522446
1.87292
0.376499
0.136724
-1.16111
0.0413008
-0.577755
1.17567
0.318268
-5.11495
-1.47624
-0.0420647
-0.513826
-0.763257
0.507836
1.41529
0.352965
-2.42831
-0.786842
-1.51376
-0.30025
-1.15928
-1.79374
-0.321723
-0.427795
0.437166
-1.30962
0.18556
-0.329306
-0.545461
-0.729303
-0.340652
0.257032
1.0026
0.188288
-0.0944013
0.586688
0.789065
0.566435
0.325
-3.89771
-1.46399
-0.189505
0.937511
-0.00103698
-0.220397
-0.129874
-0.833932
0.327382
-2.31892
-0.835543
-0.28031
0.348292
1.33023
1.35069
-1.88579
-1.30882
-2.20625
0.165809
-1.08678
-0.865455
-1.00125
-1.08652
0.667715
-0.462552
-0.923588
0.375712
-1.25564
-0.512523
-0.970587
-0.0796335
0.425094
-0.598498
1.14928
-0.0775695
0.419545
0.861599
0.638765
-0.0418896
-1.26884
-0.0918815
0.472418
1.20825
1.30854
0.0395474
-1.41569
-2.0485
-0.740783
-0.00447518
0.483907
0.996457
1.16435
1.10801
0.324979
-0.784289
-1.28156
1.40254
0.348754
0.947317
0.302685
-0.0176747
-1.28194
-2.47681
-1.32236
-0.892637
-0.559261
0.285721
1.155
0.443896
0.767846
0.162852
-0.810348
0.963064
-0.0577421
-0.196781
-1.11343
-1.54199
0.180485
1.2063
0.755786
0.0815704
-0.363423
-1.35977
-1.75621
-0.968355
-0.259082
-0.224361
0.699762
0.4659
-0.192343
0.130566
1.18939
0.819548
0.434639
0.762935
0.716858
0.635831
1.27039
0.888324
1.08159
0.750216
0.690495
0.238212
-0.135178
-0.88583
-0.119767
0.0365874
0.866111
0.0286842
-0.482552
-0.323312
-1.52828
-1.42792
-1.54217
-0.352305
0.137657
-0.36445
-0.37157
-0.66468
-1.20033
-0.170221
0.597072
1.13003
0.844068
-1.04241
-1.46672
-0.942046
-2.22977
-0.924465
0.494006
0.043598
1.20136
0.866065
0.628957
-1.03921
-2.0428
-0.114669
0.05085
0.0914072
0.139091
0.826136
0.00922831
1.20592
0.391914
-0.6908
0.0631331
-0.784737
-0.187401
-0.631431
-0.645762
-0.28945
0.438161
0.82859
-0.0560139
-0.732985
-0.722429
0.506463
0.332788
0.586751
0.528837
0.77234
1.32399
1.28455
0.130809
0.788789
0.726558
0.835509
1.02338
0.124164
0.390204
0.619649
0.513368
-0.0999349
-0.666578
-1.37078
-1.57182
-1.54054
-0.121534
0.726182
1.6018
0.310984
-0.303002
-1.16583
-1.68728
0.403545
0.195171
0.329638
0.0117267
0.536149
0.0476365
-0.440362
0.251929
0.670631
0.866313
0.202265
-0.10841
0.147234
-0.0265916
-0.120331
0.561604
1.96306
-0.576826
-1.27174
-0.514643
-0.0570055
0.425063
1.199
1.17728
0.38022
0.367684
-1.9434
-1.72968
-2.49659
-1.40855
-1.86946
0.475465
0.445064
0.550566
0.420318
-1.52225
0.62763
-2.29296
-0.00580017
-0.888275
1.92553
-0.379175
-2.03087
1.0119
-0.819829
-0.61167
-2.69123
0.1604
-0.287329
-1.15733
-1.0637
-0.471793
0.528677
0.746264
0.386335
-0.0189461
-0.168419
-0.665993
-1.69485
-1.75784
-0.523213
-0.382803
-0.480573
-0.0235748
0.380568
-0.521108
0.191218
0.426032
0.189383
0.183439
1.1756
0.979236
0.773883
0.10024
0.22118
-0.65452
-0.874579
-0.704929
-0.173386
0.113308
-0.117164
0.258189
0.126639
0.0554056
0.550312
0.167308
0.423427
-0.177002
-0.915338
-0.956879
-0.0419827
1.38713
0.868976
0.587549
-1.3654
0.218558
0.600426
0.227138
0.577514
0.480616
-0.333217
0.572658
0.898307
1.29516
1.28102
-0.636343
-2.86482
-3.2892
-0.826752
0.337554
-1.65553
-0.102386
-0.355131
-1.52607
-1.23091
-1.73219
-0.515169
-3.26677
0.430716
0.845681
-0.750065
-0.137405
0.416027
0.699338
-0.70874
1.2327
-0.178155
2.81938
-0.669587
-0.392204
0.318685
0.833798
0.401499
0.319568
0.185514
-0.908935
0.233552
-0.105735
0.57548
-0.0368799
-0.0299845
0.342754
1.04804
1.24052
0.00012208
-0.364164
-0.589338
-0.208869
-0.140451
1.19308
0.524031
0.324874
0.425902
1.03738
-1.26883
-2.59437
-1.16673
0.374282
0.509947
1.3826
-2.08777
0.593763
-0.526982
0.473727
1.57182
0.610849
0.379445
0.119505
0.157461
-0.519271
-0.668309
-0.662917
0.627018
0.5347
-0.54776
-1.01057
1.37828
0.151808
-0.0468276
-1.14679
-0.547075
-1.10402
-1.16563
-0.544465
0.279571
1.73562
0.0016934
0.75195
-0.661803
0.850617
-0.464639
0.314572
1.24912
-1.01735
-0.804775
-0.16717
-0.0870538
0.324674
1.10444
1.00956
0.35925
0.867408
0.598404
-1.06786
-1.49078
-0.550322
0.227568
2.24146
-0.600203
0.715084
-1.62793
-1.74038
-1.64036
0.269612
-0.11925
0.71196
-0.944072
0.0662951
-1.71394
0.736261
-0.269619
0.761708
-1.52443
-4.81686
