-0.459306
0.349932
-1.0997
-0.0936887
-1.06678
1.26686
0.0661557
-0.263866
0.673318
-0.52524
0.606127
-0.977859
0.369252
-1.16567
0.362026
-0.500553
-0.263523
-0.0418229
-1.07087
-0.00336962
-0.856033
-0.33191
0.461487
-0.335937
-0.997071
-0.430825
-0.167453
-0.558
-0.260936
0.38753
-1.2421
-1.03894
1.5262
1.42457
0.967274
-0.0814477
0.331426
0.0877359
-1.21175
0.89818
0.295944
0.361206
-0.394414
0.215036
2.11376
0.00778292
-2.93382
3.30934
-0.278821
0.670864
0.999968
0.0174204
0.0327824
-2.92405
-0.455341
0.184618
-0.870223
-1.30342
-1.15204
0.253954
-1.81846
0.187399
1.07102
0.216477
-0.488637
0.0468745
-1.28561
-0.037055
0.465212
-0.943593
0.602923
-0.310059
-1.40029
0.508374
-0.615241
0.522446
-0.853699
-0.117364
-0.803386
-0.416271
0.182783
-4.59064
-1.49896
-0.0730331
-0.484125
-1.46759
0.521406
-0.48971
-0.0740383
1.00715
0.355612
0.352965
0.283499
-0.0717249
0.883207
-0.159538
0.523625
1.85068
1.40596
-0.00477014
0.572984
-0.0549688
-3.35684
1.74762
-1.21958
-0.307448
-0.481353
0.257032
-1.43651
0.601895
-0.959632
-0.0887535
-0.332303
-0.649661
-1.88672
0.0133406
-1.90831
-0.0584408
-0.937498
-0.767294
-0.403817
0.291558
0.33157
0.327382
0.663765
-0.118025
-1.15371
0.137121
-0.109698
-0.522041
-1.19971
-0.00335149
-0.921698
-0.633715
-0.331749
1.18097
0.391734
1.14385
-0.865567
-0.462552
-0.828543
-0.0921011
-0.0496052
-0.763142
-2.89908
1.16806
0.59882
-0.0764854
0.950062
0.308924
0.871503
3.07133
0.587689
-0.554679
-1.31676
-0.0918815
-0.076208
0.41908
1.83436
1.77595
0.476102
1.13359
1.8723
-0.0446353
0.262091
1.533
-0.883039
-0.723288
-0.79432
0.0809282
-1.00902
1.40254
-0.328104
-0.325252
0.987558
-0.659126
3.05209
1.74009
1.16932
-0.0878817
0.0329273
0.707965
-2.38336
1.3574
0.618423
-0.452454
1.51978
0.963064
0.690576
-0.246439
-1.37148
-0.14402
-0.0920854
1.26635
-0.880888
-0.10024
0.182851
-2.04658
0.189863
1.22299
0.0279402
-0.101799
-3.75749
0.4659
1.60343
1.18571
1.16705
0.269168
0.648037
0.89883
-0.48625
0.0260834
0.211038
-0.236876
1.08583
2.74447
0.39319
-0.00477841
2.06529
-0.88583
-1.13058
1.30617
1.84836
0.165408
1.18827
0.407302
-0.350734
-0.0435616
-0.864532
0.0388352
-0.639874
0.0102196
0.406648
-0.787617
0.861061
-0.170221
0.565455
0.485374
-1.77835
1.29655
-0.0914615
2.60577
1.77976
-0.0716917
1.48144
0.273689
-0.901667
1.16933
-1.13288
-0.60204
-0.644065
-0.114669
0.310187
-0.461742
-1.32354
-0.450905
2.33998
1.63023
0.43912
-0.0010496
0.706969
-1.85271
2.257
-2.85984
0.0646854
1.92467
-3.25748
0.82859
1.4785
1.24157
-0.902173
1.68747
-1.00793
0.635334
0.624122
-0.0346779
0.162835
1.87487
2.0256
0.420878
0.636512
-0.986353
1.67296
0.124164
-0.168377
0.844478
1.4315
0.0950691
3.19231
1.1769
0.251864
0.00692765
1.19209
1.74308
1.99496
-3.04407
0.715497
-3.38803
-0.982606
0.403545
1.86856
0.416965
-0.461023
1.26813
-2.2861
3.5563
1.11848
-0.0850545
1.03197
-1.20278
-0.0899633
1.70485
-0.56341
2.51697
-0.228587
1.96306
0.968376
-0.177225
2.19047
-0.867982
-0.824177
-2.42993
-1.02665
0.0118977
-0.972116
-1.0536
0.858078
-0.540282
-0.0440727
0.750362
0.703474
0.445064
1.0516
-1.24717
-0.891507
-0.959836
0.673787
1.18232
1.67875
-0.0497143
-0.6197
-1.40561
2.02607
-1.55746
0.716036
-1.41245
2.88574
-0.287329
-0.22244
0.87154
0.430155
0.449281
0.267339
2.8119
-0.266263
-0.0151282
-0.116737
1.61683
1.2069
3.55871
0.168296
1.70191
-2.16617
0.380568
0.79216
-0.254348
2.47615
0.0596808
-0.0396188
2.83695
1.12436
0.00834214
-0.244989
-0.411169
-0.434333
0.20958
-1.54872
-1.52515
-1.92667
-0.117164
-1.82439
-0.554383
0.924368
-1.56304
1.12525
-0.0649476
-0.0532601
-0.0946674
0.170098
0.198697
-0.80958
0.388484
0.246253
-1.32341
-0.564233
0.600426
-0.723735
-0.343242
-0.384131
0.128148
-0.198773
1.81247
-1.25629
0.013799
0.771714
2.84013
1.84434
-1.47066
-1.82008
2.01914
-1.1632
-0.355131
-0.262808
-0.942156
-0.1432
-0.740667
0.275037
1.65587
2.04646
-0.0723483
0.641381
0.548707
0.15207
-0.184334
-1.20708
0.939436
-0.96927
-0.669587
0.117091
-0.466517
1.25845
0.369691
0.54871
0.664914
0.875767
-0.0300101
-0.244048
-0.0196431
0.280632
-0.931276
0.344982
-0.706989
-1.20691
0.00012208
0.994404
-0.783951
-1.66528
0.23521
-0.661112
-1.72182
-0.121565
0.0511314
-0.691514
-1.30655
-1.10323
0.0866316
-0.00120791
0.127356
-0.0805773
-2.08777
-0.53953
-0.607049
-1.57415
-0.330399
-0.60062
0.601195
2.82588
-0.0550328
-1.04319
0.894814
-1.70562
0.0950846
0.0752258
0.129002
-0.993756
1.37828
-0.562838
1.11169
0.611551
0.806563
-2.08732
1.58959
1.87485
-0.0371039
-0.11351
-0.395763
-0.681505
3.38142
0.952934
-0.470306
-3.14269
1.24912
2.61678
-0.494591
-0.266002
1.10716
-0.655686
-1.49599
-2.07645
-0.0929956
-1.02697
-0.478543
0.00671319
-1.51713
-0.0905268
-0.211568
-0.341308
-0.600203
-0.626786
0.176168
1.11041
-0.239733
