0.673318
-0.468429
-2.68995
0.396094
0.411562
0.797046
0.472971
3.32817
2.25983
0.132284
-1.66915
1.26891
-1.30668
-2.67029
-1.87561
-0.564945
-0.997071
-0.994297
-0.376986
-1.29086
-1.26411
0.244089
3.95372
-0.234335
-0.150832
0.860173
1.04836
0.0221878
-0.460671
1.39245
0.491081
-1.30345
0.295944
-0.389044
-0.297134
0.914166
1.10542
-0.681855
-1.48405
-1.04488
-2.28372
-0.168812
1.47581
1.90819
0.767413
-0.728668
-0.472295
1.46292
-0.870223
1.51103
1.22036
1.79336
0.0621388
-0.334175
-1.89856
-3.93028
-0.970378
-0.958014
-0.628959
0.0741463
-0.25895
0.943414
1.43806
1.08281
-1.40029
0.804536
-0.784621
-2.59062
-1.47699
2.48713
1.49351
0.0687225
3.01004
1.27977
-0.968648
-2.68722
1.27705
1.45446
-1.78108
-3.33051
-0.0740383
0.165676
-1.02463
-1.38246
0.305945
-1.31654
1.7329
-0.112938
-0.10684
-0.99695
0.145233
0.66734
-0.119197
-1.41506
-0.687397
0.768774
-1.21958
1.06624
0.0735957
0.653704
0.581427
-0.958585
-1.22338
-3.22807
-2.30291
-0.515824
-1.10925
0.65127
0.711642
0.683352
1.72825
-0.215053
-0.403817
-2.40362
-1.96848
0.406115
-0.585947
-1.47533
1.23262
1.66324
0.661275
-0.0245399
0.26823
-0.979666
-0.869531
-2.66956
-1.86841
-0.332879
0.391734
0.647954
0.00753263
-0.702674
-0.913429
-0.854297
1.47488
-0.161224
-0.518731
1.12666
1.01112
-0.430001
-1.20599
1.06819
1.01372
-2.41051
0.587689
-0.647028
-0.931335
0.53608
0.850208
0.304204
0.308343
0.835229
-1.03402
0.202634
1.34102
1.07167
1.0013
0.14108
0.451688
1.40502
-0.79432
0.367143
0.202692
0.215215
0.566197
-1.0273
-2.3416
-2.84524
-2.78612
-2.4321
-2.13923
0.544941
-0.293852
0.740267
1.59065
-0.54926
0.618423
-1.0607
-0.595548
1.25484
0.88551
-1.62858
-2.02025
-2.89677
-3.23995
-0.23492
1.32708
1.47599
0.58224
-1.11611
0.808275
1.44167
0.0279402
-0.741821
-0.298551
1.51797
1.29156
-0.111916
-1.03166
-2.57754
-2.43947
0.447248
1.53764
1.51854
1.20559
-0.0942571
0.966964
1.62226
0.39319
-0.189816
-1.19877
0.746653
0.389232
-0.500478
-0.995266
0.977599
-1.47429
0.194278
1.38331
1.10849
0.501508
-0.931246
-0.736951
1.45628
0.406648
-1.06053
-0.158337
1.30651
1.01606
-1.00756
0.102508
-1.58161
-1.47788
-0.0805089
1.36523
1.14802
-0.548647
-1.67303
0.667049
0.623527
-1.13288
1.10191
0.769111
0.239945
0.21029
-0.775492
-2.39553
-4.01499
-3.22719
-3.14013
-1.17413
-0.305393
0.810792
1.88945
0.821474
1.32797
0.0646854
0.417893
-0.649097
-0.0831597
0.151766
-0.0904175
-0.356414
0.265929
-0.521611
-0.795588
1.33503
0.681534
1.06641
0.724612
-0.352211
1.02854
0.636512
-0.98442
-0.425237
0.72925
0.0817207
-1.23644
-0.748336
-1.29035
-1.70502
0.26968
0.510171
0.816193
0.308923
-0.703142
1.04359
0.448719
0.715497
-0.494727
-0.416492
0.747442
0.992996
-0.380326
-0.651545
-1.50491
-2.76839
0.0762647
1.22185
2.21117
0.721337
-0.438269
1.08506
1.78152
-0.56341
0.851497
-0.611137
-0.510307
0.578212
-0.58894
-1.65882
-0.111444
0.774219
-0.96155
-0.389243
0.128017
1.1499
0.0938752
-0.69529
0.531329
-0.0440727
-1.80607
-1.78868
0.478487
-0.102189
-1.54881
-0.799645
2.52966
-0.208686
-0.011443
0.443336
0.656606
-2.03751
-1.54169
-1.05626
2.3804
0.716036
-1.7268
-0.862951
1.23061
0.550676
-1.40431
-1.20665
-1.29098
-1.78852
0.508197
1.12534
1.37665
0.406685
-0.904795
0.320445
0.298977
0.168296
1.42172
-1.54252
-0.436144
1.22414
-0.000142488
-1.04208
1.48523
-0.113245
-2.08288
0.184491
2.0522
1.76194
-0.169818
-0.552523
2.96982
-1.54872
1.5026
0.640316
0.140811
-1.47864
0.464653
-1.02542
-4.77477
-1.96979
-0.764762
-2.08974
-2.49048
1.71843
2.31613
1.32965
-0.064683
0.246253
-0.325646
-0.0764041
0.86928
-0.8018
-0.980955
-1.87662
-3.16263
-1.75663
-1.30494
1.95527
1.56956
-1.24744
-0.728988
1.03419
1.5944
-1.82008
0.98297
-0.726325
-1.64997
-0.839729
1.08843
0.81086
0.783051
2.97703
1.4999
-1.53924
-2.81802
0.272175
0.30438
-0.236849
-1.67671
-1.20708
1.50426
1.23917
0.196983
-0.450001
-0.636155
-2.41535
-4.65554
-2.21134
-2.45332
-1.32313
-0.0468994
0.294443
1.40044
1.28416
0.555178
0.344982
-0.747085
0.394313
0.942566
-0.674654
-0.833813
-0.0354841
-2.03225
-0.815081
0.550535
1.74415
1.33466
0.175239
-0.0485511
1.46271
1.43923
-0.00120791
-0.10496
1.24207
-0.496001
-2.51852
-1.5041
2.43072
1.60522
-0.974905
1.53246
0.80768
0.173275
-1.72169
0.457431
1.5231
-0.371603
0.0752258
0.865457
0.0657338
1.42578
0.713259
-0.810643
-1.7058
-3.49785
-2.20531
-2.82448
-1.37238
1.0441
1.23457
0.663427
0.917337
0.551531
0.952934
-0.831789
-0.32143
1.20825
0.974633
-0.680473
-0.291579
-1.60059
-2.18605
-0.324193
1.73138
2.15767
1.24681
-0.0570202
0.694816
1.46765
-0.0905268
-0.609947
-2.64595
0.489627
-0.392258
-0.321706
1.44156
1.44595
1.514
0.628168
1.18125
-0.685608
0.972199
-1.85206
-0.994643
-0.412686
