-0.44711
0.102527
-0.597696
0.0237381
-0.668135
-3.3011
-0.038867
0.454195
-1.87561
0.532261
-0.209705
-1.27594
0.350747
-0.459164
-1.20967
-0.0610743
0.813324
-0.74777
-0.283597
-0.0274039
-0.290139
0.815965
-0.0612036
-1.14668
0.491081
-0.404027
0.44235
-0.422274
-0.248388
-0.519228
-1.37995
-0.211294
0.322428
-0.220964
-0.314564
-0.057214
0.774733
0.35779
-0.781354
-0.0699249
-0.472295
1.26084
0.435213
-0.146559
0.208345
0.393481
-3.01265
0.575038
-0.289986
-0.0911142
1.16683
0.0286225
-0.546962
0.473884
-1.70756
-0.25647
1.43806
-1.19142
0.657812
0.475127
-0.997904
-1.75111
0.716679
-0.010693
-0.544754
-0.485648
-0.823785
-0.0991298
-0.0281281
-0.0201324
1.29002
0.319063
-1.78108
-1.01655
1.00016
0.507836
0.11561
0.190465
-0.485131
-0.419516
0.259045
-0.337396
-0.428446
0.0315069
-0.182113
-1.38436
-0.410108
-0.471421
-0.687397
0.825924
-0.311863
-0.729303
-0.236759
0.0667265
-0.0413493
0.0978078
0.988364
-1.41392
1.07846
0.0734934
0.290646
-0.448388
-1.18147
-0.466724
1.72825
0.266288
0.328035
-0.129874
-1.6058
-0.165843
0.368546
-0.0946654
-1.44387
-2.1053
-0.56148
-0.0109213
-1.33805
0.186237
-0.749683
0.290781
-1.86841
0.490618
0.182619
-1.08652
-0.82091
-0.855716
-0.0228666
-0.0584107
0.187767
-0.815261
-1.23555
-0.063401
0.0771465
0.141011
-0.187935
0.277283
1.01372
-0.929193
-0.8792
-0.0418896
-0.61294
-1.48065
0.531511
-0.420626
-1.41692
-0.0262669
-0.609454
0.0681865
-0.0293502
0.293475
-1.5973
0.0148443
0.451688
-0.0984057
-0.337513
-0.784289
0.517111
-0.574024
1.737
0.933924
-0.561581
-1.99716
1.2437
0.00810358
-0.304623
-0.920387
-1.16617
-0.821756
1.59065
-0.702539
0.624236
0.162852
0.246343
0.0258672
0.026028
-0.176565
1.71288
-1.30128
-0.622301
-0.0550294
-1.27107
-0.85377
-0.0190751
-0.140167
0.808275
2.68568
1.58202
-0.224361
-0.528765
-0.845904
0.0416866
-0.754517
0.608096
-0.682035
-0.223033
-0.109016
-0.162501
0.002279
1.94139
0.522113
0.966964
-0.421207
-1.54063
0.238212
0.486617
-0.541022
0.542479
-0.169028
0.109103
-0.0894647
-0.0223353
-0.0824509
-0.188683
0.302492
1.1907
0.505499
-0.736951
1.9771
0.36557
-0.66468
-0.577068
1.4728
2.08333
-0.193746
1.59617
0.547368
-0.239972
0.0809951
-0.164565
0.406891
1.35501
-0.558911
0.667049
1.0407
0.640253
-1.03921
-0.484375
0.84689
-0.869405
-0.350306
0.398009
-1.73696
1.41613
0.0702055
0.27199
0.508768
-0.834055
0.437354
0.821474
-1.29217
0.408638
-0.28945
-0.874232
-0.830246
0.730081
-0.632485
0.34434
-0.0739067
-0.75865
-0.0608688
1.86968
1.78558
0.663564
-0.702774
-0.352211
1.01809
-1.3043
0.835509
0.250001
1.34337
-0.734193
-0.0823691
-0.892811
-0.614285
0.0146111
-0.0508917
-0.850412
-0.941081
0.611034
0.220949
1.04359
2.73665
0.49185
-1.16583
-0.646348
0.174013
1.98194
-0.485888
1.41224
-0.842391
-0.0307815
-0.0474991
-0.22078
-1.23907
1.16297
-1.30442
1.08506
1.06515
-0.724651
-0.120331
0.267681
-0.202854
-0.768388
0.194556
-1.90392
-0.0786027
-0.753302
-0.0713044
-0.856195
-0.104331
-0.0169558
0.306905
-0.69529
1.14612
0.442041
-1.86946
-0.387747
0.590617
0.456756
0.133159
0.0542326
1.20025
-1.39625
-0.0251617
-0.961771
0.463987
0.0369261
-0.736048
-1.05626
0.307314
-0.270293
-2.69123
-0.388752
-0.402989
0.411571
-0.150847
-0.115814
-0.414097
0.275114
-0.0983397
0.80408
0.739321
2.05405
-1.1487
0.320445
3.0571
1.63189
-0.480573
0.0915064
0.394532
0.170283
-0.0586867
-0.564756
-0.941279
0.163128
-0.0297907
0.0724916
-0.753314
0.717106
0.972197
-0.552523
-0.17642
-1.53699
-0.173386
0.104597
-0.218535
1.0201
-0.371877
-0.104304
-2.72962
1.48695
0.101377
1.17007
-0.0822235
-0.5419
0.419994
1.32965
-0.405945
0.287908
-1.3654
-0.296623
-0.826941
0.320644
-0.0904909
-0.371865
-0.0674326
-0.100624
-0.0390061
0.954047
0.0583674
-0.590158
0.292199
1.03419
-0.0520911
-0.427017
-1.65553
0.712319
0.152594
-0.339071
-0.0338603
-0.403582
-1.38174
-1.27314
-0.0404742
0.412119
-1.7384
-0.342504
0.542599
-0.236849
-0.0660116
-0.421103
-0.178155
0.666808
-0.901604
-1.26643
-0.0577389
1.04524
-2.44894
2.1341
-0.0756838
0.393678
-0.780033
0.555893
0.21303
1.28416
-0.904333
0.225076
1.04804
-0.256396
-0.474342
0.459244
-0.504593
1.06268
-1.03252
0.111129
-0.108745
0.818026
-0.189049
-2.6501
-0.706471
1.46271
-0.846054
-0.207609
0.509947
1.37043
0.853487
-2.23968
0.737002
0.821582
-0.220827
-1.00683
-0.0054757
0.373649
0.832178
-0.506648
-0.261962
1.5231
0.307077
-0.771698
-0.54776
-0.375343
0.11826
-0.124351
0.29515
0.463993
-0.941621
1.06732
-0.000966502
-0.327551
-0.590795
-0.407024
0.753835
0.917337
-1.13135
0.46124
-0.464639
-1.11833
0.555031
-0.158196
-0.5253
-1.46722
-0.537118
-0.457914
-0.0953526
0.848206
0.317666
-2.14672
0.337551
0.694816
-0.535352
-0.53093
0.227568
0.528684
-1.45908
0.182609
0.537219
-0.0385501
-1.08488
-1.37162
0.0463541
0.101992
-1.8295
-0.611435
0.598035
-0.994643
1.47254
-1.24783
-1.52443
-0.228165
0.213195
0.900845
-0.624097
