-0.01491
3.77611
-0.597338
-0.0971979
0.238979
0.690895
0.312925
0.619509
-1.30668
-0.585195
0.502479
-0.023052
-0.351897
0.67901
-0.578392
0.148909
-0.181972
-2.51234
-1.23716
-0.0989508
1.49537
-0.437256
-0.321883
-0.49979
-0.460671
-0.537725
0.421535
0.88376
-0.616324
0.419484
-1.42934
0.343459
1.73801
-0.606738
0.12828
0.0156742
0.0791161
-0.0941357
0.62452
-0.488853
0.767413
-1.08344
0.154412
0.510061
1.64889
0.853892
-1.74995
1.08701
0.598299
-0.251371
1.14005
0.00999392
-1.43862
-0.0597052
-1.46805
-0.263407
-0.25895
-0.785797
0.0401175
1.76675
-0.657099
-2.69853
0.867689
-0.522995
-0.185789
-0.121569
-0.83566
0.0256376
0.211006
0.0231344
1.38074
-0.524514
1.27705
0.84848
-0.0890639
-0.513826
-0.515399
0.413699
-0.938643
0.384188
-0.47896
-2.75828
-0.531805
0.00362741
0.489204
0.343223
0.42702
-0.134858
-0.119197
0.640727
0.470463
-0.329306
-0.178139
0.923641
-0.406471
0.600445
0.425375
-0.0320108
0.364567
-0.0309251
0.0874614
1.30902
-0.78664
0.990721
0.711642
-1.68633
0.527234
-0.00103698
-0.00557197
-0.431874
-0.110831
-0.140642
-0.988913
-0.79338
-0.810841
-0.0974949
-0.759959
-1.40716
-0.223741
0.236724
-0.869531
0.391169
-0.324641
-0.865455
-0.00270225
0.331953
-0.0966363
-0.13439
-0.330269
-1.1262
-0.560033
-0.0371885
0.0180476
0.85666
-0.592075
-0.263274
-1.20599
0.209366
-1.5877
0.861599
-0.343453
0.400088
-0.620626
-0.323952
-1.72231
-1.31669
-0.169307
0.0145061
0.125274
-0.380121
-0.629131
1.71581
1.0013
-0.312391
-0.248617
1.10801
0.646848
0.704292
0.585825
0.281986
0.350251
-2.33977
0.379871
0.0939702
-0.267736
-0.342023
-0.648617
0.33952
-0.293852
-1.58254
0.68207
0.443896
0.131032
-0.998979
0.573695
-0.665762
1.47508
-0.266192
0.496638
-0.0261103
0.573344
-0.456119
1.6963
-0.264035
0.58224
-1.53149
2.1988
-0.968355
-0.482514
-0.787778
-0.318818
0.584772
0.426437
0.0122537
-0.485117
0.062639
-1.40734
0.255871
1.02317
1.64948
1.20559
-0.385622
-0.99495
0.750216
0.845599
-2.50531
0.602257
0.88504
0.404918
-0.671344
-0.299488
-0.020629
-1.78901
-0.0853414
1.68324
1.13689
0.501508
-2.47134
0.717363
-0.36445
-0.938407
0.695869
0.989506
-0.437425
0.575891
-0.200154
0.0466884
0.00866894
-0.0208326
-0.342652
1.27456
-1.27788
-0.548647
-0.232208
-0.0763869
0.866065
-0.580425
0.326461
0.0378362
1.11896
-0.0523794
-2.1782
1.55611
-0.0580528
-1.18207
-0.218777
-0.733985
0.605159
0.810792
-0.564867
0.294909
-0.631431
0.222504
1.68735
-0.504153
-0.522714
0.634447
-1.73562
-0.0957498
-0.0441116
-0.611546
0.542881
-1.29652
-1.57133
1.06641
-0.376571
-0.602964
0.788789
0.926929
0.975174
-1.07006
0.897344
-0.923185
-0.276825
0.687715
-0.0971935
-0.370967
-0.814872
0.440471
0.566431
0.308923
-1.01446
1.59698
0.310984
-0.171089
0.205402
0.613322
-0.690975
1.63169
-0.470679
-0.0255412
0.112689
1.78847
-0.385902
-0.300224
-1.17412
0.721337
-2.94781
0.143656
0.147234
0.983014
0.73237
-0.223359
1.0658
-0.778842
-1.10464
0.33545
-0.0361875
-1.6242
-0.0838437
0.482011
1.49149
1.1499
-0.0751775
1.07224
-2.49659
-0.414764
-1.72687
1.23723
-0.660466
-0.0285313
-2.01974
-0.253537
-0.00858716
0.0321169
-2.30912
-0.472672
-0.805199
-2.03751
-0.223107
-0.731855
-0.819829
0.433117
-0.809673
-0.748968
0.108659
0.877092
-0.0619772
0.0171544
0.0180695
-0.771735
0.146422
-0.776078
-1.12471
0.406685
-1.40618
1.30014
-0.523213
0.259106
0.109748
0.377265
-0.059367
-1.05439
-1.74084
-0.858603
0.0124139
0.983885
-0.394416
0.434149
2.40793
1.76194
1.55435
-0.473071
-0.874579
0.0476159
0.385217
1.02958
-0.458386
0.907762
-0.830597
1.59822
-0.0738178
0.63948
0.853197
0.851241
-0.191049
1.71843
0.0395891
-0.666863
0.868976
-0.420726
-1.11825
0.740689
-0.6064
0.176626
-0.886856
-0.520195
-0.0942428
0.164812
-0.485656
-0.172848
-0.984784
-1.24744
-0.580924
0.172833
-0.826752
-0.0061168
0.268388
0.48905
-0.225956
-0.406462
0.717062
-1.01832
-0.0145782
0.11266
0.479435
0.506989
-0.485981
0.272175
0.313865
-0.758297
-0.70874
-1.03582
-0.678508
0.0815896
-0.606756
0.0865577
-1.6006
0.574901
-0.070419
-0.011858
-0.185429
-0.801077
0.0396977
0.294443
-1.2303
-0.294956
-0.0299845
-0.731399
0.472943
-0.144217
-0.754983
0.84711
-0.887343
-0.391045
-0.0488512
0.0972979
-0.306151
-0.640522
0.138611
0.175239
0.75334
0.0311389
-1.16673
0.308436
-0.893879
-1.58807
0.637335
0.344319
-2.38592
-0.409915
0.0224224
-1.22214
-0.197082
0.207311
-0.897204
-1.72169
1.29788
0.0100817
0.627018
0.834031
-0.874032
-0.028827
-0.00263527
-0.0820653
-0.590449
1.79899
-0.0216223
-0.377073
-0.147858
-1.95371
-0.942035
1.23457
-1.45412
0.415839
-0.661803
-0.259939
-1.03336
0.178861
0.790441
-0.234798
-0.7835
0.628114
-0.0185455
-0.109681
-0.110519
0.160445
1.61568
1.24681
-1.10372
-0.0763446
-1.49078
1.40978
-0.738659
-0.103061
1.06114
-0.726668
0.0551409
-1.02826
-0.00875282
0.676072
-1.05108
-0.309861
-0.139602
0.972199
-0.730944
-1.88244
-0.269619
-0.640582
-1.4757
0.808955
-0.509199
