0.363757
0.242579
0.047934
0.712383
-1.38598
0.481203
0.78721
0.797046
1.19081
-0.297262
-0.213413
-2.01245
-0.0221331
-0.558337
-0.980718
-0.763553
-0.220708
-0.629595
0.107019
-0.460284
-0.49142
-0.597298
-1.4979
0.244089
-0.835672
-0.0188272
0.144844
0.444063
-0.00759398
-0.299821
0.418001
-0.348725
0.220427
-0.520645
0.284232
0.806752
-0.855562
0.222534
0.784158
-0.681855
-0.476314
-0.120572
0.236523
-0.163512
0.0750618
0.358477
-0.0229532
0.429903
-0.466759
0.118339
0.0667294
-0.115954
-0.608938
-0.153289
0.445549
-0.334175
-0.152614
-2.10844
0.53392
1.26972
-0.0202642
0.691205
0.665056
-1.02207
0.669424
0.163897
1.00237
-0.558108
0.0413008
-0.100536
-0.47316
2.48713
0.261495
1.58235
-0.187407
-1.11943
-0.0113014
-2.0875
1.4654
0.547941
0.29758
-0.714464
1.10375
-0.172429
-1.15928
0.467381
-0.158047
-1.31654
-0.261638
-0.193229
-0.259564
-1.29491
-0.0241731
-0.291796
-1.2478
-0.455542
-0.605416
0.132957
-0.904471
-0.588546
0.789065
-0.309553
-2.05029
-0.958585
-0.488186
-1.0761
0.000374538
0.0848615
0.00838033
0.245977
0.311148
-0.15088
0.0320703
-1.18841
-0.078555
0.426783
1.33023
-1.07534
1.31753
-1.47533
-0.298375
0.292364
0.105382
-0.496094
0.0810156
-0.142606
-0.518663
-0.294321
0.293205
-0.0168075
0.301142
-0.684815
-0.970587
0.494833
-2.28144
-0.854297
-0.545155
0.192276
0.403891
-0.503666
-0.0446384
-0.847563
1.27259
-0.529698
-0.029206
-0.254334
-0.0725649
-0.102744
-1.41569
-0.23289
3.13734
0.304204
1.0382
-0.973827
-0.421352
-0.202624
-0.032232
-0.0255241
0.127549
-0.739363
0.250987
-0.397014
-1.14226
-0.37888
-1.28194
0.448807
-0.435532
-1.0273
-0.518622
-1.34726
-0.397013
-0.334852
-0.0175584
0.573501
1.17447
0.535148
-0.153099
-0.364519
-0.367059
-0.047033
0.180485
1.18435
0.0565157
-1.62858
-0.605479
1.34228
0.649708
-0.861503
0.00571902
0.464753
0.558495
1.12195
0.207157
0.272282
0.884672
0.695719
0.434639
-1.04713
-0.822405
-0.111916
-0.184046
1.52671
-0.944034
0.791449
0.0226278
-0.520943
0.907256
-0.0829336
-0.118924
-0.32207
0.199286
-0.689595
-0.482552
0.932608
-5.07474
-0.500478
0.844344
1.26647
-0.0451211
-0.106402
-0.0415793
0.251584
0.0451472
0.0671865
0.146071
-0.0790319
0.598211
-0.978894
-1.46672
0.499131
4.71654
-1.00756
-0.0821292
0.544053
-0.541746
-0.613607
-0.0820829
0.232296
-0.0605046
-0.351861
-0.452772
0.0553574
0.49723
-0.615706
0.00922831
0.656561
-0.100003
-0.775492
-0.316424
-0.611546
-0.402249
-0.924633
-0.0862234
1.23683
1.4751
-0.302967
0.787963
0.0258617
0.837599
1.38654
0.332788
-0.98213
0.586358
-0.0904175
-1.06313
-0.0876713
-0.692584
0.781487
0.014553
-0.314256
0.279923
0.45496
0.14933
0.637635
-0.122571
-0.15211
-0.666578
0.758728
0.755172
-1.23644
0.300474
-0.602026
0.133183
-1.78246
0.0558199
0.779101
0.404578
-0.258158
-0.0304147
0.122747
-0.588888
0.611584
0.0476365
-0.122605
-6.02917
-0.380326
-1.12716
0.694454
0.403448
-0.960094
0.0366594
-0.0628944
0.650511
0.236355
-0.237151
0.324589
-0.0234417
0.448904
0.425063
1.06534
1.09424
-0.58894
0.812217
0.450388
-0.50694
0.776917
0.021479
-0.912192
0.704654
0.295001
0.191528
-0.756333
1.54673
0.411959
-2.29296
0.272105
1.06106
-1.54881
-0.311381
0.373483
0.843185
-0.975319
0.0471174
-1.14838
-0.234947
-0.493553
0.183625
0.211781
0.730722
0.682778
0.746264
1.09271
-0.277403
-1.40431
-0.50798
0.672871
-0.0788679
0.883231
-0.030841
-0.492683
0.229652
-0.0202521
-0.514758
0.839976
-0.637245
0.397823
0.183439
-1.06051
0.599833
-0.000142488
1.47991
0.928307
0.138978
-0.854258
0.00887537
-0.0719647
0.711901
-0.93539
-0.619039
-1.10961
0.126845
-0.537297
0.167308
0.785998
1.82331
0.464653
-0.51528
0.0790314
-0.823812
0.162636
-0.0294149
0.595565
1.18671
-0.188984
-0.36537
-0.286529
0.415486
-0.55278
0.572658
0.111376
0.348453
-0.980955
0.41551
-0.220362
0.221252
0.207381
0.00823067
-0.430557
1.12347
-0.472906
0.878878
0.0125171
0.0709098
0.117821
-3.26677
0.234858
0.0784041
1.08843
-0.956113
-0.355283
-0.403484
-0.159773
0.0565066
-1.28924
-0.127137
0.225054
-0.624529
0.270998
-0.370182
-0.502627
0.319568
0.405986
-0.933584
-0.636155
0.33232
0.652507
-0.525886
-0.143777
-0.0276694
1.18197
2.40645
0.198337
0.290549
-1.34409
-0.510348
0.33972
1.19308
0.0828117
0.381699
-0.833813
-0.937989
-1.16752
0.26018
-1.08614
0.0316367
-0.122206
0.59882
-0.807191
-0.194412
-0.451896
0.0877243
0.191174
0.610849
0.415165
-0.941357
-1.5041
-0.458008
0.442042
0.310323
-0.427934
-0.098709
-0.633124
0.112231
0.15091
-0.962211
-0.369647
0.560924
-0.258071
-1.10402
0.65623
-1.01175
-0.810643
-0.685485
-1.93267
0.53524
-0.114815
-0.109924
1.73081
0.306159
0.504463
0.139107
-0.64864
-0.086496
-0.423263
0.324674
-0.916249
1.17502
-0.680473
0.974516
-0.902227
-0.0356771
0.147877
-0.0166504
0.0607424
0.119325
-0.380575
0.150168
0.0962105
-0.0628357
0.753585
0.269612
-1.02325
0.697233
-0.321706
0.363511
-0.29151
0.766902
0.342256
-0.00770522
-0.0045739
-0.129569
-0.142685
