0.51565
0.104504
0.0937722
1.01576
-0.306307
-1.5757
-0.559066
3.32817
-0.178128
1.10748
-0.62286
-0.423198
0.0525379
-1.6556
-2.13223
0.128156
0.547155
0.0861348
0.248863
0.43062
-0.872096
-0.208569
2.60963
-0.234335
-0.775134
0.786093
0.248327
0.465853
0.0661529
0.0695318
-0.699915
0.441372
0.698999
-1.42627
-1.41696
0.828949
-1.0444
-0.591928
1.83487
-1.04488
0.431638
-0.744535
-0.0496922
0.953857
-0.061382
-0.237614
0.430721
0.248027
-0.280935
0.82792
-0.358823
-0.0254421
-0.764816
0.317263
-1.21553
-3.93028
-0.188107
-1.34132
0.42394
0.198979
0.0221598
0.972857
0.400553
-0.211665
-0.405911
-0.550951
0.425851
-0.197973
1.17567
-0.288889
1.10278
0.0687225
-0.735139
1.26929
-0.868856
-0.00856375
-0.0469955
-1.46559
-0.770244
-0.481127
-0.305235
0.953589
0.163013
-0.0209416
-0.321723
0.202209
-0.281853
-0.112938
-0.489323
-0.00286798
-0.388416
-1.61052
-0.0279755
-0.780247
-1.0301
-0.529116
0.220781
0.653715
-1.06228
-0.364248
0.325
0.211316
1.20861
-3.22807
0.086363
-1.42814
-0.921589
-0.409064
-0.0933955
0.420048
-0.486615
-0.662439
0.167195
-0.298
-0.907474
0.234551
-1.88579
0.168622
1.22554
1.66324
0.41907
0.156997
-0.117932
-1.17086
-0.0653752
-1.12117
0.0964647
0.1612
-0.0736277
-0.122789
-1.75305
-0.239
0.425094
0.664884
0.0834315
-0.161224
0.177675
0.992066
0.739235
2.29869
0.0449552
-0.300333
-0.20837
-0.647416
0.511212
1.14924
0.0476693
0.981143
-0.740783
-1.14276
5.87237
0.835229
1.44657
-0.59825
-0.0407649
0.861429
-0.0267563
-0.569023
1.22089
-1.37755
-0.0401734
-0.204287
-0.287226
-0.555048
-1.32236
-0.59247
-0.4224
-2.84524
-0.319579
-1.4559
-0.898241
-2.26323
0.0157185
0.115645
0.172954
-1.00752
-0.835019
-0.411944
-0.0894608
-0.422886
0.755786
1.4626
-0.53503
-2.89677
0.281935
-1.28198
0.389586
-1.056
0.0679468
-0.0842567
1.34146
1.49918
1.11807
0.606774
-2.22112
1.12192
0.716858
-0.980234
0.291876
-2.57754
0.87196
0.997555
0.248423
0.593159
-0.0571398
0.108295
0.135056
0.917558
-0.0974383
1.66351
-0.421737
-0.311521
-1.52828
0.162451
-6.02788
0.977599
0.935881
0.861784
-0.304014
1.36873
-0.034655
-0.464803
0.31082
-0.00280508
0.993864
-0.0665292
0.989089
-0.162686
-2.22977
1.01503
-7.29256
-1.58161
-0.340889
-0.60394
0.182868
0.840605
-0.00873249
0.159807
0.658988
1.51108
-0.664265
1.14625
-0.559899
0.0915892
0.391914
-0.235678
-1.01035
-4.01499
-0.176608
0.137685
0.359365
-0.171257
0.00798191
1.6091
0.923515
-0.21365
0.412965
-1.50548
1.01733
0.0807417
0.528837
-0.534381
0.24686
0.265929
-0.414756
0.643133
0.20526
0.95233
0.056327
-0.318541
0.508166
0.373132
-0.567771
1.53468
-0.691638
-1.07414
-1.57182
1.46597
-4.4922
-1.29035
1.03047
1.12346
0.010439
-0.998066
-0.078923
0.339199
0.805254
-0.555813
0.498728
-1.12139
-0.135304
0.161633
0.251929
-0.449035
-5.54624
-1.50491
-1.8019
0.967874
1.10103
-1.68187
0.0729925
0.0973729
0.723075
1.21489
-0.118804
1.46869
-0.0870606
-0.176595
1.17728
0.744469
0.258653
-0.111444
0.108912
-0.0308853
-0.0115435
0.375273
-0.0834786
0.195931
0.681429
-0.285905
-0.459506
-0.643373
1.15413
-1.25794
-0.888275
-0.0533628
1.02846
2.52966
0.159605
0.0422509
-1.87453
-1.35583
-0.107806
0.178347
-1.40476
0.0242807
0.106578
0.0196028
-0.0379122
-0.384858
-0.0189461
1.04671
-0.720675
-1.29098
-0.900191
1.92992
0.515065
0.269507
-0.0829874
0.609188
0.610807
0.639546
0.13163
1.2122
0.970255
0.457611
0.979236
0.111808
-0.347088
1.48523
0.202271
-0.402249
0.461427
-1.49857
0.0234717
-0.195827
1.83199
-1.04932
-0.83998
0.093739
1.25163
-0.16168
-0.177002
-0.819911
-1.62731
-4.77477
-0.430935
-0.775806
-0.293854
-0.17574
-0.0301442
1.53598
0.245894
-0.366192
0.0871386
0.321413
0.179247
0.928796
1.29516
-0.315805
-0.930078
-3.16263
0.0795272
-2.26568
0.400067
-1.41873
0.0702437
-0.540645
0.500268
0.925267
0.437626
-1.3819
2.5257
0.493262
0.845681
0.400698
-1.49642
0.783051
0.0137423
0.699795
-0.904862
0.832896
0.0545598
-1.54718
0.876048
-0.170213
-0.144518
0.515117
-0.720525
0.0218039
-0.908935
-0.163752
0.214842
-4.65554
0.367046
0.490165
0.210648
-0.542203
-0.00335543
1.64246
0.619411
0.348948
0.485758
-1.13352
0.84401
1.51162
0.324874
-0.911364
0.266074
-2.03225
-1.18146
-1.01681
0.172221
-0.0492571
-0.0822174
0.33919
-0.0149876
1.28325
0.434517
-1.10981
0.969841
0.269545
0.119505
1.14669
0.282083
1.60522
0.989446
-0.575397
0.229049
0.259148
-0.0263521
-0.615596
0.495127
-0.18012
-0.0094457
0.396527
-3.46605
-0.347785
-0.544465
-0.499553
-3.69216
-3.49785
0.268757
-0.375639
-0.0701618
0.428242
-0.0475886
0.519801
0.334128
0.238943
0.142
0.611075
1.11182
0.695764
1.00956
-1.98639
1.04367
-1.60059
1.40616
-1.58693
0.182212
0.588321
-0.0182056
-0.309754
0.801548
-0.256521
-0.0363314
1.11771
-0.622998
0.512924
0.71196
0.475219
-0.149437
1.44595
0.126656
-0.334565
0.623079
1.72704
0.0144112
-0.997669
1.16058
-1.25441
