-1.087
-1.76646
-0.676705
-0.0602879
-1.93114
-0.26008
-0.201398
0.269792
0.396094
0.556158
-0.0562087
-0.421634
-1.36118
-1.56845
-0.522118
-0.230812
0.148253
0.950473
0.454551
-0.0631024
-0.0329934
0.603703
-0.998507
-1.05553
-1.29086
1.16354
0.252546
-1.36853
0.21441
-0.334154
-1.49941
0.947601
0.539022
0.388235
-0.524658
-0.0580686
-0.169988
0.00732807
1.15002
-0.288499
0.914166
-0.291307
0.146179
1.7414
0.404471
-0.116492
-2.40109
1.67263
0.287273
1.29342
1.94937
-0.0232006
-0.793835
0.211488
-0.631489
-0.779714
1.79336
-0.82049
0.430429
0.136724
-0.200933
-0.365945
-0.126475
0.890604
-0.557703
-0.34216
-1.19879
-0.0547649
-0.415641
0.244774
-0.271008
0.2107
-2.59062
-0.636048
-0.0371864
0.136724
0.169969
0.425723
-0.724204
-0.574635
-0.602926
-1.8353
-1.28018
0.0430638
-1.06137
0.342561
0.024276
-0.397154
-1.38246
-0.742462
0.53327
-1.51376
-0.669377
-1.28316
0.379137
0.330978
0.294717
2.09632
1.75516
-0.0413435
-0.331096
-0.344086
-1.34021
-0.164125
0.653704
0.015059
-0.330647
-0.0944013
-0.170431
-0.958516
0.736518
-0.250982
-0.811181
-1.80035
-0.594648
-0.0939975
-1.71839
-0.609256
-0.190805
-0.0373117
0.406115
-0.641345
0.524082
-0.28031
-0.0641252
0.0872067
0.841323
-0.480246
-0.206339
-0.833745
0.0996989
0.0054427
0.177693
-0.150998
1.25003
0.753681
-0.702674
1.59009
-1.25234
-1.25564
-0.0517607
0.225134
-0.950481
0.110715
-1.80218
0.890099
-0.556314
-0.0745373
1.15214
0.0122877
0.730951
0.689078
0.53608
0.438882
-0.553638
1.30854
0.114483
0.989766
1.78898
-0.121886
-0.246924
1.28587
2.31778
-0.0827398
0.266899
0.0723378
-1.16617
-0.0495323
0.215215
0.100215
-0.164414
0.302685
-0.767752
-0.971537
0.193242
-0.439246
2.26966
0.987667
0.0880935
-0.0362435
0.528666
0.612014
1.2906
-0.410339
1.25484
-0.377897
2.33618
-1.11343
-0.832278
0.255008
0.178137
-0.673945
0.247941
0.247301
-1.20564
-0.0612623
-0.352013
0.0796118
-1.32486
0.599096
1.51797
-0.198132
-1.05884
1.18939
1.22687
1.04298
0.997125
1.34712
-0.0883514
0.336994
-0.506103
-0.0392623
-0.742445
0.0179018
1.52933
1.22515
0.746653
2.35351
1.69912
0.866111
-0.845092
-0.140905
2.40223
-0.3564
0.813377
-0.0505631
-0.0766598
-0.0770069
0.215217
0.0333424
1.25515
-0.658998
1.30651
1.1796
0.362698
0.844068
0.113627
0.292063
-0.708699
-0.145437
-0.0987919
1.15978
1.33514
-0.0427547
-0.107281
-0.108597
-0.713853
-0.474503
0.239945
-1.95752
0.661941
0.139091
-0.378351
-1.43964
0.373058
-0.520356
0.848743
0.608793
-0.407106
0.0511019
-0.486648
-0.0194635
-0.526326
-0.871181
-0.0831597
-0.813812
-0.689399
-0.722429
0.347116
-0.736028
-1.03549
0.204869
-0.187106
0.272571
1.04342
0.0356075
0.0398919
1.06147
-0.160223
0.599541
0.72925
-0.400841
0.917724
0.513368
-0.120149
-0.455996
1.20007
0.452007
1.46441
0.503389
0.953539
0.00231488
0.772256
0.675192
-0.941715
-0.853335
0.747442
1.55532
-0.161555
0.0117267
0.386639
0.56242
-0.916757
0.874336
-0.475813
0.868214
-0.802817
-0.0545493
-0.71519
0.0686407
0.675705
0.241552
-0.510307
0.838378
0.640651
-0.514643
0.0572655
0.804065
1.22317
0.22283
0.0955722
0.868926
-1.30295
-0.0157141
0.0217779
-0.463457
-0.109385
0.685648
0.478487
-0.842635
0.585008
-1.52225
-0.458423
0.642524
0.253785
-0.330749
1.22643
0.245871
0.202161
0.0251602
-0.929994
-0.508249
-1.20448
-0.656811
1.23061
-1.45168
2.30829
-0.471793
-0.0823021
-0.102914
0.786666
0.848924
-0.642029
1.2193
-0.0427678
-0.0310751
1.64891
0.260257
0.0886895
1.04092
-0.436144
-0.970618
-1.28063
0.426032
0.118155
0.531705
1.59895
0.00765853
0.236063
1.70572
1.23226
0.00699299
0.632285
-0.0980669
0.787662
-0.881027
0.140811
-2.58766
0.430913
0.0554056
-0.0546499
0.53161
-0.373702
-0.266586
0.332662
0.770992
-0.589834
-0.0882127
-0.740961
-0.0298242
0.0553434
-0.743494
0.86928
-1.00053
0.409772
0.480616
0.470145
-0.12233
0.0561657
-0.611164
-0.652218
-0.44908
-1.28344
-0.106758
-0.42159
1.18775
1.56814
0.864121
-1.64997
-0.145495
0.203824
-1.73219
-1.09485
-0.130282
-0.717187
-0.560094
-0.496226
0.77594
2.11533
-0.0162941
-0.397319
-0.00587818
-0.330476
-0.0438777
0.196983
-0.78832
0.0555131
0.833798
-0.997336
-0.14795
0.14337
-0.457516
0.088425
0.850425
0.0148246
-0.0666014
0.532717
0.410201
0.465666
-0.235936
0.942566
-0.0824909
-0.886919
-0.208869
1.33856
0.30402
-1.53006
1.18915
0.110548
1.37267
-0.0394765
-0.0520074
1.5257
-0.993013
0.972161
-0.505431
-0.496001
0.10769
-0.655262
0.473727
-1.06431
1.46649
-0.203587
0.649307
-0.121573
1.41807
1.05161
-0.0502232
-0.0527653
-0.289726
-1.42518
0.142873
1.42578
-0.678902
1.15514
-1.14679
-0.550759
-0.34074
0.779504
-0.605624
-1.09101
0.562112
0.0125862
-0.0407152
0.606353
-0.0335032
0.980782
1.05196
1.20825
1.58623
-1.356
-0.16717
0.702846
0.729937
0.580489
0.590114
-0.349084
-0.585763
-1.26499
-0.100472
0.57189
0.0643502
-0.0962572
-0.287104
0.489627
-0.494526
-0.302854
-1.74038
0.320969
-0.799768
-0.385728
0.210753
