-1.0997
-2.3788
-1.30869
-0.676705
-0.254684
-0.558337
-0.555648
-1.6556
-0.388804
-0.346175
-0.325605
-0.621955
-0.597338
-1.39877
-0.597696
-1.37881
-1.07087
-0.791849
0.419518
0.454551
-0.238215
-0.299821
0.0553273
0.0695318
-0.540415
-0.698267
-0.926981
-1.22802
-1.23716
0.199281
-0.283597
-0.092318
0.967274
0.216142
-0.575054
-0.524658
0.831599
0.358477
-0.294369
-0.237614
0.581551
0.279984
0.370739
-0.13263
0.12828
0.0933032
-0.314564
-0.0246549
0.999968
1.69452
1.03072
1.94937
1.18744
0.691205
1.20913
0.972857
0.66651
0.00101082
1.05276
1.22547
1.14005
0.941605
1.16683
1.52738
-1.28561
-0.749154
-0.779528
-1.19879
-1.7924
-2.0875
-1.13352
-1.46559
-1.71202
-0.81133
-0.64903
-0.852682
-0.83566
-1.11967
-0.823785
-1.76509
-1.49896
-1.38685
-0.962651
-1.28018
-0.198197
-0.291796
-1.57206
-0.780247
-0.345585
-0.657643
-0.658999
-0.372937
-0.531805
-0.708397
-0.428446
-0.819415
1.40596
2.14325
1.3309
1.75516
0.898746
0.245977
0.513964
0.420048
1.26932
0.813691
0.13086
0.33697
0.364567
0.911241
1.07846
1.51941
-1.88672
-1.34547
-1.40539
-0.594648
0.116239
-0.142606
-0.292685
-1.12117
-0.547316
-0.589184
-0.0170893
-0.338417
-0.810841
-1.40667
-0.56148
-0.942168
-1.19971
-0.64889
-1.16839
0.0996989
-0.0755401
-0.847563
-0.10873
-0.300333
-0.0776983
-0.39794
-1.16081
-1.28319
-0.560033
-0.886151
-1.23555
-1.71385
0.59882
-0.131257
-1.19181
-0.556314
-0.134784
-0.0255241
-0.23443
-0.569023
-0.744305
-0.803151
-1.02726
-0.692309
-0.169307
-0.19801
-0.609454
-0.208606
1.8723
0.980258
1.3068
2.31778
1.00176
0.573501
0.694774
0.115645
0.727489
0.189996
1.36633
0.668894
0.379871
0.848801
1.2437
1.2125
1.16932
0.619285
-0.26626
0.0880935
0.898741
0.464753
0.30455
-0.0842567
0.904859
0.546708
-0.247287
-0.0372385
0.496638
0.0118725
-0.622301
-0.53739
-0.880888
-0.444078
-0.877573
-1.20564
-0.806734
-0.520943
-0.639459
0.108295
0.290442
-0.450376
-0.636688
-0.809208
-0.485117
0.0909828
-0.223033
-0.999021
-0.48625
-0.0361666
-0.787826
-0.506103
0.117912
0.251584
-0.406624
-0.464803
0.253471
-0.349975
-0.514941
-0.858428
-0.299488
0.132111
-0.0223353
-0.0811799
-0.350734
-0.530963
-0.830289
-0.0766598
0.610156
0.232296
-0.159206
0.159807
0.0766313
0.460536
-0.0953964
-0.389403
0.0466884
-0.653655
-0.239972
-0.36409
1.77976
2.39784
1.5347
1.33514
1.40479
1.23683
2.36362
1.6091
1.11554
0.877581
1.3177
1.49053
1.55611
1.99396
1.41613
2.20291
0.43912
0.283128
-0.399587
-0.407106
-0.164233
-0.314256
-1.10191
-0.318541
0.0176397
-0.275931
-0.105636
-0.289642
-0.0957498
-0.890156
-0.75865
-0.799539
0.624122
-0.399861
-0.234641
1.04342
0.85112
0.779101
0.602346
0.339199
-0.209952
0.18396
0.297875
0.525812
0.687715
0.138884
0.0146111
0.893096
0.251864
-0.815437
-0.136408
0.953539
0.104897
-0.0628944
-0.0575676
0.0973729
-0.482563
-0.528973
0.266615
-0.370007
-0.0255412
0.164094
-0.0307815
0.181872
1.11848
0.53763
0.427865
-0.802817
-0.600439
-0.912192
-0.737574
0.195931
0.332576
0.117763
0.0799873
-0.022533
0.33545
-0.175455
-0.753302
-0.816381
-1.02665
-1.45452
-2.18037
-1.30295
-1.77195
-1.14838
-0.0806167
0.178347
-0.942224
-1.76187
-0.377463
-0.70612
-0.253537
-0.89198
-1.39625
-2.305
1.67875
0.634402
0.34343
0.202161
0.162831
-0.492683
0.705899
0.609188
0.809828
0.732417
0.287702
1.40946
0.0171544
0.123876
0.275114
1.1857
-0.266263
-1.20334
-1.00235
-0.0427678
-0.0452997
-0.0719647
0.170605
-0.195827
-0.128832
-0.725662
-1.01724
0.223623
-0.858603
-0.505
0.163128
-0.410277
1.12436
2.62275
1.8869
1.23226
1.22116
0.595565
1.08565
1.53598
0.305751
0.389536
0.497121
1.99926
1.59822
0.128477
1.48695
1.51743
-0.0532601
-0.453175
-0.0325638
-0.589834
0.874324
-0.430557
-0.532376
-0.540645
0.112252
0.216987
0.204526
0.683219
-0.520195
-0.488184
-0.100624
-0.685905
-1.25629
-1.13901
-0.677985
-1.28344
-1.58774
-1.28924
-0.174698
-1.54718
-1.1794
-1.49424
-0.695663
-0.0382097
-1.01832
-1.40596
-1.27314
-0.847947
2.04646
2.1288
2.55866
2.11533
1.17726
1.18197
1.49376
1.64246
1.35102
1.44931
1.66695
1.02828
0.574901
0.997056
2.1341
1.72557
0.875767
-0.0584501
0.284886
0.0148246
0.0300877
-0.122206
-1.35979
0.33919
-0.510974
-0.92035
0.315294
-0.446541
-0.391045
-0.981044
0.111129
0.264608
-0.121565
-0.179575
-0.459387
-0.0394765
0.161351
-0.633124
0.150031
-0.615596
-0.80285
-1.07654
0.414833
-0.328146
-0.409915
-0.0608867
-1.00683
-0.413122
2.82588
1.97075
0.923388
1.05161
1.42471
1.73081
0.54598
0.519801
0.863201
1.10831
0.938807
1.26682
1.79899
0.863345
1.06732
0.895504
1.87485
0.63177
-0.636864
0.0125862
0.125739
0.0607424
-0.57007
-0.309754
0.264722
0.489463
0.0198931
0.563708
0.628114
-0.127899
-0.457914
0.437818
-2.07645
-2.04124
-2.09809
-1.26499
-1.56606
-0.0045739
-1.23705
-0.997669
-0.725661
-1.37013
-0.81949
-1.48801
-1.02826
-1.0402
-1.37162
-2.37572
