-0.0713374
1.00804
0.921067
0.209102
-0.955851
-0.494673
-0.564114
2.25983
0.132804
0.129093
1.84609
-0.167019
-0.0844513
-0.388804
0.261954
-0.0788874
-0.478023
0.345933
0.407505
-1.09836
0.712316
0.335941
1.65267
-0.150832
0.0677751
1.06781
-0.173232
1.51893
0.038773
-0.540415
-0.816167
-0.373627
1.39715
-0.957083
-0.591088
1.34149
-0.181894
-0.0107522
-3.49126
-2.28372
-0.408297
-0.265472
-0.602155
0.543401
0.0534923
0.581551
0.00789951
0.921177
0.236179
-0.437554
-1.5278
-0.428773
-1.44438
-0.0387945
0.590585
-0.970378
0.0247939
-1.39201
0.360952
-0.639844
0.0344736
0.66651
-0.0520728
0.0557091
0.166338
-0.142614
1.08604
0.0582823
0.318268
-1.2262
-1.69593
3.01004
-1.01748
0.193375
0.547411
0.147413
0.0544963
-1.71202
2.98003
-0.4495
0.516586
-0.800174
0.242445
0.0523957
-0.427795
-0.0707583
-0.23766
-0.10684
-0.415471
-0.734903
-1.75509
-0.243911
-0.0174247
-0.345585
-2.70327
-0.467144
-0.1473
0.73808
-0.754914
-0.803749
-3.89771
0.466977
-2.39617
-2.30291
0.706858
-1.18308
0.23306
0.0982269
-0.0131936
1.26932
-0.514012
0.294455
0.171448
-0.447076
-0.064077
-0.356664
-1.30882
-0.472757
1.21586
0.661275
-0.255455
0.553989
0.580959
-0.745802
-0.0743942
-0.547316
-0.741461
0.139376
0.410918
0.922765
1.20166
-0.818317
-0.598498
0.291713
-0.0253533
-0.518731
0.651893
0.0296009
-0.866332
-0.493118
-0.109106
-0.0776983
-0.341777
-1.04731
0.344885
0.236531
0.720131
1.01585
-0.00447518
-1.0868
0.101661
-1.03402
1.76048
0.887798
-0.281026
0.676398
-0.0464789
-0.744305
0.663578
-1.16743
-0.939267
-0.578671
-0.710439
-0.659389
-0.892637
-0.501811
-1.51754
-2.78612
0.445638
-0.687222
0.570711
-0.530856
0.0117248
0.727489
-0.482394
0.589285
0.0121047
-0.390786
0.780814
0.0308807
0.0815704
1.71757
-1.83707
-3.23995
0.189191
-1.06061
0.200181
-1.36854
0.0187974
0.904859
-0.351769
1.42639
0.424733
0.228482
-1.18123
0.97261
0.635831
-0.160738
-0.925207
-2.43947
1.18063
-0.28285
0.212289
-0.261209
-0.0373265
0.290442
0.114731
0.0686522
-1.15456
0.742519
1.17566
-1.64866
-1.42792
0.961012
-0.198251
-1.47429
1.22372
0.517822
-0.506289
-0.073135
0.00707229
0.253471
0.215749
-0.0306112
-0.211108
0.526806
0.0347749
-0.931559
-0.924465
0.681916
0.931194
-1.47788
0.382941
-0.531517
-0.285625
-0.55762
-0.0221021
0.0766313
0.271474
0.519494
-0.352143
0.625438
-0.303513
-0.401787
-0.6908
-0.195081
-1.63224
-3.22719
-0.358897
0.816592
-1.0615
-0.719456
-0.0940275
1.11554
-0.321679
0.00377519
0.551895
-2.00196
0.992042
1.26021
0.77234
-0.174753
0.670177
-0.521611
-0.983478
0.573957
0.433944
0.910851
-0.108368
0.0176397
-0.132976
0.536993
-0.392096
0.746402
-0.840355
-0.601758
-1.54054
1.08105
0.0785207
-1.70502
0.407341
1.67039
-0.435097
-0.0662791
-0.11839
-0.209952
-0.108477
-0.464729
1.2065
-1.32754
-0.0692012
1.52306
0.670631
0.130306
-0.383704
-2.76839
-0.860535
0.270449
0.525461
-1.11587
-0.0558423
-0.482563
0.565932
1.1107
-0.692086
1.47675
0.398899
-0.597988
0.38022
0.928353
0.534699
0.774219
0.325798
0.678259
0.233794
0.164489
-0.0884395
0.332576
0.0395397
-0.979179
0.0904755
-0.438914
-0.917232
0.192744
1.92553
0.558936
-0.636849
-0.208686
0.1378
-0.0715793
-0.808251
-0.952128
0.0345544
-0.942224
-2.08336
0.662908
0.388042
-0.328575
-2.06815
0.170894
-0.168419
1.44173
-1.56588
-1.78852
-0.976323
1.7519
-0.228811
-0.146542
-0.0144549
0.809828
-0.165261
-0.00442328
-0.42638
1.21933
0.639236
0.277003
0.773883
0.298336
0.391743
-0.113245
1.83881
-0.00740547
0.363125
-0.140564
0.0659428
-0.128832
0.447043
-0.816459
-0.236942
0.559095
0.0480668
-0.6123
-0.915338
-0.912493
-1.59342
-1.96979
0.153467
-0.834676
0.421334
-0.108391
0.0389149
0.305751
0.466692
0.0492627
-0.755584
-0.286512
-0.257715
-0.145001
1.28102
0.684348
-0.0206783
-1.75663
0.699078
-1.12255
0.445103
-0.0679061
-0.0205141
0.112252
-1.11741
0.0462266
-0.160241
-0.0220555
-0.518228
0.336869
-0.750065
0.730157
0.229632
2.97703
-0.441144
1.53921
-0.996868
-3.86177
0.010806
-1.1794
1.60784
-0.408169
-0.670578
-0.112472
0.296317
-0.453591
0.233552
0.273991
-1.64776
-2.21134
-0.370949
0.134733
1.27793
0.600663
-0.0514365
1.35102
-0.507535
0.227168
0.685904
-1.52696
0.0719879
-0.192934
0.425902
-0.78855
-0.0545092
-0.815081
0.00172893
-0.422768
0.120567
0.062907
-0.00106622
-0.510974
-0.703918
-0.247426
-0.320898
-2.05117
2.35326
0.0668278
0.157461
-0.287795
1.23799
-0.974905
-0.419768
0.41721
0.24169
1.10497
-0.0177154
-0.80285
-1.18819
0.163763
-0.41075
0.488447
-0.710926
-0.0581547
0.279571
-0.0203614
-1.8569
-2.20531
0.432919
-1.28448
0.769282
-0.725752
0.0321983
0.863201
-0.0888619
0.225437
0.837631
-0.1327
1.40925
1.10592
0.35925
-2.24392
1.11401
-2.18605
1.76232
-0.356399
-0.0718655
0.615023
-0.0650383
0.264722
0.0821802
-1.01339
0.568707
-0.706355
1.10495
-0.0401902
-0.944072
0.620819
-0.733068
1.514
-0.482103
1.49004
-1.65614
0.36769
0.0566948
-0.725661
-0.0441672
0.238566
