-0.759878
3.92886
-0.621955
-0.0436449
-0.197875
0.0904966
-0.622639
1.12884
1.26891
0.414319
-0.410892
-0.578204
0.240902
-0.210735
-0.457573
0.0851791
0.351488
-2.15852
-1.22802
-0.0214799
1.69476
0.124003
-0.546184
0.035558
0.0221878
-0.420391
-0.376051
0.773082
0.631802
0.209103
-1.26038
0.296366
0.982108
-0.366429
-0.13263
-0.0406941
0.654654
0.345563
1.16666
-0.575433
1.90819
0.0716628
0.449638
1.1207
0.699562
0.379255
-2.14875
0.556107
0.205352
-0.613835
1.22547
-0.0122026
-2.21831
0.886051
-1.61376
0.0909145
0.0741463
-0.654264
-0.580879
-0.0353926
0.325332
0.953494
1.19751
0.264883
-0.550312
-1.86884
-0.852682
-0.103978
0.169121
0.253531
0.284217
-0.0996661
-2.68722
1.48761
-0.32398
-0.0420647
0.708627
1.70937
-1.36149
-0.434867
0.0384867
-1.95989
-0.372937
0.0422175
-2.16039
0.384793
-0.196007
0.462254
0.66734
-1.19323
-0.582283
0.18556
-0.64006
-0.678148
-0.096154
-0.649755
0.107082
-1.93628
0.33697
0.0094061
0.922979
-0.0198795
-1.27939
-0.109606
0.65127
-1.23176
0.829615
0.937511
-0.922375
-1.17926
-0.42433
-0.898394
-0.700026
0.730469
-0.338417
0.00866078
0.0374308
-0.4186
0.0107666
-0.527061
-0.979666
-0.78095
0.255164
-1.08678
0.433949
-0.337249
0.877297
-0.230294
-0.326468
-1.94125
-1.28319
-0.033775
-1.17425
0.491316
-0.189928
1.64498
-0.430001
0.353776
-0.633929
0.419545
-0.573857
0.868657
-0.0256713
-0.591087
-0.872918
-0.544468
-0.692309
0.0473607
0.552838
-0.116368
0.995176
0.612767
1.07167
-0.258324
-0.758598
1.16435
1.17697
-0.321824
1.43128
0.935587
-0.441769
-2.28306
0.668894
0.0102099
0.0621885
0.211898
-1.4197
0.740243
0.544941
-0.00105631
-0.275549
1.155
0.324229
-0.572894
1.16521
-0.639717
1.91914
-0.407398
-0.0372385
-0.105895
0.943852
-0.373109
1.74403
-0.123608
1.47599
-1.3306
2.2849
-1.75621
-0.623036
0.0553486
-0.0698898
-1.07982
-0.0517613
-0.813406
-0.809208
-0.0155334
-0.725891
0.635574
-0.762473
1.21164
1.51854
0.620918
-1.07553
1.08159
1.08137
-2.54388
0.597634
0.693732
-0.318038
-0.620367
-0.858428
0.0391377
-1.22845
0.773596
1.31297
0.543754
1.10849
0.40179
0.82096
0.137657
-0.525744
-0.415445
1.7706
-0.602978
1.63162
-0.395291
-0.389403
0.037346
-0.678093
0.256112
1.14476
-0.594443
1.14802
-1.0913
0.744074
1.20136
-0.198212
1.13672
-0.137558
-0.0775795
0.225864
-2.60419
1.49053
-0.0973354
-0.534448
-0.3168
-0.469531
0.38869
-0.305393
-0.997933
1.1762
-0.187401
-0.075049
-0.157935
-0.318926
-0.773978
0.269747
-0.530585
-0.289642
-0.110155
-0.633544
0.716793
-0.843529
-0.322467
0.681534
0.286243
-0.322672
0.130809
0.107177
-2.46235
-1.59778
-0.333889
-0.488024
-1.04873
0.525812
-0.0737629
0.991055
-0.825132
0.0689172
0.717223
0.816193
0.0199139
1.71925
1.6018
-0.298092
0.160767
1.41335
0.145462
1.4604
-0.984418
-0.370007
-0.0727529
2.42242
-0.71338
-0.505387
-1.16542
2.21117
-0.956706
-0.104138
-0.10841
0.743709
0.644853
-0.985272
0.781565
-1.58162
-0.365201
-0.022533
-0.101613
-1.15657
-0.260669
0.261663
0.248735
0.128017
1.88439
0.482958
-1.72968
-0.198982
0.370206
1.6227
0.0897851
-0.583223
-1.98593
-0.70612
0.0224955
-0.696206
1.53403
0.439678
-0.0647667
0.656606
-1.88326
-0.132145
1.0119
0.395838
0.794687
-0.183256
0.423771
0.617635
-0.624168
1.40946
-0.0890363
-0.528748
0.371888
-0.543623
-0.625144
1.37665
-1.05908
1.14781
-1.75784
-0.0165193
-1.13286
0.0295861
0.73874
-1.02664
-1.04951
0.223623
0.0277847
0.465152
0.0900495
-0.309562
0.754527
2.0522
0.736594
-0.920164
-0.65452
-0.296612
0.194946
2.02316
-0.282523
-0.443736
-2.54033
1.99926
-0.0816633
0.263576
0.046074
0.821425
-0.278422
-2.49048
-0.843584
0.0292257
1.38713
-0.856954
-0.394109
0.362759
-0.218462
-0.652781
-1.69668
0.683219
-0.0251669
-0.653513
-0.0147184
1.66155
0.801032
1.56956
-0.544917
-0.0569823
-3.2892
0.220083
0.427062
-0.357985
0.244996
0.353331
-1.73224
-0.0382097
-0.0323388
-0.416538
-2.11679
0.409876
-0.655678
-2.81802
1.21621
-0.187837
0.699338
-0.673564
-0.593707
-0.549758
-0.108824
0.45751
-1.84893
1.02828
-0.0132205
-0.167006
0.202056
0.109371
0.064455
-0.0468994
-0.827591
0.786376
-0.0368799
-0.0705452
-0.478009
0.59614
-0.515555
0.355058
-1.59008
-0.446541
0.0477631
0.147791
-0.399214
1.19462
0.00636904
1.33466
-0.7983
0.610368
-2.59437
1.03736
-0.459547
-1.72654
1.12954
-0.995666
-0.844068
-0.328146
-0.0547138
-3.81259
0.0964001
-0.288787
-0.953655
0.173275
-0.146681
0.112794
-0.662917
-0.0989251
-1.53522
-0.321899
0.338894
-0.555004
-0.920912
1.26682
0.0205281
1.32364
0.952451
-1.23815
-0.247007
1.0441
-0.814249
1.48102
0.75195
0.386928
-0.381504
-0.0410391
0.335831
-0.918377
-0.805288
0.563708
0.0460009
0.480941
-0.0750997
1.19891
1.3723
2.15767
-0.86215
-0.522761
-1.06786
0.72305
-1.42767
0.581392
0.0564059
-0.0133771
1.59984
-1.48801
-0.0967174
0.312124
0.440597
0.694376
0.111226
-0.685608
0.653198
-0.227706
0.736261
-0.0106729
-0.755625
0.337857
-0.22925
