0.211379
1.25083
-1.01716
-0.0737055
0.726253
0.0114602
0.311052
0.132284
-0.0326026
-0.403248
0.218211
0.108588
-0.0982983
-0.346175
-0.494321
-0.260344
-0.225492
-0.319391
-0.269138
-1.07913
-0.29926
-0.519424
-0.770004
0.860173
-0.764678
0.243237
-0.557667
-0.644853
0.0508486
-0.698267
-0.380294
0.0307979
0.419432
-0.635265
-0.461405
0.547616
0.872886
0.416496
1.4045
-0.168812
0.0585259
0.566625
-0.0542134
0.249008
-0.0861539
0.279984
-0.0469308
0.132553
-0.949306
0.435795
-2.70382
-1.06488
-3.45001
0.389739
2.24448
-0.958014
-1.16489
-1.0406
0.747608
0.137701
0.0154927
0.00101082
-0.517921
1.00464
-0.0102331
0.817472
1.26849
1.12277
-5.11495
-0.631295
-2.05671
1.27977
-0.0698735
0.635303
0.350513
-0.601093
0.0596487
-0.81133
0.99889
0.0319183
0.141631
-0.608668
-0.413858
-0.25351
0.437166
-0.408929
1.08216
-0.99695
-0.592141
-0.357111
-0.0155002
0.444595
-0.103175
-0.657643
-0.380582
0.18988
-0.180699
0.407363
-8.34532
-0.707806
-1.46399
-0.495066
-1.06781
-0.515824
0.0299803
-1.46868
-0.142533
-0.889668
-0.0856042
0.813691
-0.295532
0.770213
0.588212
-0.646955
1.25587
0.923419
-2.20625
0.0432565
0.41953
-0.0245399
-0.302336
-0.0223936
-0.788203
-0.420428
-0.0651352
-0.589184
0.620333
0.275345
0.148431
0.279568
-3.62642
-0.324591
1.14928
-0.0387195
-0.287712
1.12666
-0.0559049
0.195938
-1.03221
-0.0573572
0.00304678
-0.39794
0.877459
-0.440253
0.836575
0.507053
-0.391192
-0.289187
0.483907
-0.868672
-1.05839
0.202634
0.437043
1.41135
-0.0385205
0.584408
-0.043466
-0.803151
-0.311738
-0.827501
-0.483961
0.249147
-0.536006
-0.863982
-0.559261
-0.158677
-0.65713
-2.4321
-0.267119
-0.916165
0.172883
-0.0953479
0.0258115
0.189996
-1.04976
0.431384
0.545954
-0.163019
0.654079
0.397627
-0.363423
1.4876
-0.78123
-0.23492
-0.327255
-0.68077
0.0996661
0.069366
-0.0766654
0.546708
-1.07886
0.395897
0.223624
0.875605
-0.571079
0.659811
1.27039
-0.325653
-1.02289
0.447248
0.00888172
-1.30739
0.398541
-0.0966812
-0.00545245
-0.450376
-0.0442088
0.075934
0.418949
0.281205
-0.279276
-0.313212
-1.54217
0.277633
2.15183
0.194278
0.615922
-0.695276
-0.591484
-1.7633
0.0441494
-0.349975
-0.44303
-0.48229
0.900681
-0.181195
-0.385313
-0.663468
0.494006
0.91248
4.11327
-0.0805089
0.128284
-0.513641
0.261116
-0.801852
-0.099725
0.460536
0.403294
0.0809816
-0.685802
0.51462
0.919686
-1.35086
0.0631331
-0.187171
-1.87631
-3.14013
0.698933
-0.426626
-0.494974
-0.921811
-0.0510834
0.877581
-0.908722
-0.0886937
0.902295
-2.25414
0.898237
0.502741
1.32399
-0.108225
-0.34392
-0.795588
-1.21864
-0.513091
1.05509
0.595284
-0.0803335
-0.275931
-1.07876
-0.0262748
0.598889
0.76515
0.143723
0.531413
-0.121534
0.96836
3.10001
0.26968
-1.1809
1.15905
0.140303
0.327158
0.0603804
0.18396
-0.00816506
-0.618639
0.317556
-1.60285
0.639312
0.101111
0.866313
-0.220213
1.7702
0.0762647
-0.697452
-0.1857
0.277953
-0.418427
0.0756039
-0.528973
0.494913
0.725706
-0.829029
1.32619
-1.54144
-0.696705
0.367684
0.629356
-1.09752
-0.96155
0.663539
0.738825
-0.31463
0.235219
-0.0454695
0.117763
-1.26724
-0.486023
0.0325335
-0.2123
1.18953
-0.0693496
-0.379175
0.84294
-0.712811
-0.011443
0.563068
0.720304
-0.336653
-1.37327
0.0514515
-1.76187
-1.37315
-0.0291091
-0.108135
-0.577064
1.18468
-0.225018
-0.665993
0.837453
0.800119
0.508197
-0.750954
1.31108
-0.102757
-1.95071
0.036036
0.732417
-0.907795
0.490952
0.354897
0.210885
0.0198863
0.269055
0.10024
0.634769
0.186519
-2.08288
1.40159
-0.487937
-0.179391
-0.785061
0.0115186
-0.725662
-0.608198
-0.863026
-0.471235
0.0195442
-0.336008
-1.11
-0.956879
-0.634141
-0.979413
-0.764762
0.311034
-1.31439
0.221568
-1.06178
-0.00793872
0.389536
-1.02754
-0.138418
0.256048
-0.0586892
0.488606
-0.0109018
-0.636343
-0.854785
-0.279245
-1.30494
-1.13235
0.391964
-0.783849
-0.580112
-0.074475
0.216987
-0.295863
-0.272009
1.39658
-0.256507
-0.0943959
-0.194402
-0.137405
-0.204582
-0.62402
1.4999
-0.272664
1.39229
-0.348829
-2.72742
-0.0225908
-1.49424
0.89515
-0.354486
-0.813511
0.450923
0.112689
-0.0387468
-0.105735
-0.105523
-2.36867
-2.45332
-0.286783
-0.248233
-0.13684
0.187921
0.0530229
1.44931
-1.11647
-0.373031
0.34403
-1.07097
0.362265
-0.136507
1.03738
-0.798669
-0.159942
0.550535
-0.86874
0.393054
-0.105629
1.09295
-0.028013
-0.92035
-0.572259
0.0553161
-0.0789489
-2.2801
-1.50828
0.359818
-0.519271
0.493794
-0.000281544
1.53246
-0.183566
0.00696178
0.351684
-0.957238
-0.0696768
-1.07654
-0.201456
-0.639201
-0.0127087
-0.483007
-0.599463
-0.21066
1.73562
-0.0226946
-0.406535
-2.82448
-0.180339
-1.78266
0.404902
-0.120344
-0.0841011
1.10831
-1.37568
0.183287
0.00594687
-0.153052
-0.682485
0.434354
0.867408
-2.08468
0.97868
-0.324193
0.430379
0.766442
0.0326097
0.656797
-0.10211
0.489463
-0.324205
-0.656576
0.534243
-0.403793
1.09036
0.599494
0.0662951
0.546578
1.14559
0.628168
-0.530098
-0.908408
-0.105233
-2.63632
0.0322659
-1.37013
-0.687154
-0.598949
