-0.263866
-0.233717
-0.13097
0.269792
-0.269294
1.19081
-0.0368447
-0.178128
0.132804
-0.0326026
-0.39588
1.12884
0.619509
0.624343
0.454195
-0.0309728
-0.335937
0.191232
-0.35101
-1.05553
-0.506524
-0.835672
-0.302788
-0.775134
0.0677751
-0.764678
-0.13418
0.035558
-0.49979
-0.644579
-1.14668
0.295612
0.89818
-0.113538
0.384295
-0.288499
-0.547737
-0.476314
0.120287
0.431638
-0.408297
0.0585259
0.593316
-0.575433
-0.488853
0.229495
-0.0699249
0.900267
0.184618
-0.249128
-0.00604603
-0.779714
0.0610891
-0.152614
0.22661
-0.188107
0.0247939
-1.16489
-0.243826
0.0909145
-0.263407
0.389448
-0.25647
-0.887834
-0.310059
-0.0118995
0.469135
0.2107
-0.840057
0.261495
0.16974
-0.735139
-1.01748
-0.0698735
-0.00574286
-0.0996661
-0.524514
-0.370941
0.319063
-0.119188
-0.48971
0.400748
0.28709
-0.397154
0.0134933
-0.261638
-0.00518528
-0.489323
-0.415471
-0.592141
0.0669515
0.462254
-0.134858
0.404302
-0.471421
-0.360273
1.74762
-0.0503638
-0.807716
-0.164125
0.0778942
-0.488186
-0.129044
0.086363
0.706858
0.0299803
-0.0612618
-0.109606
0.990721
-0.229271
-0.466724
-0.199922
-0.767294
-0.743048
-1.23229
-0.0373117
-0.0353369
-0.298375
-0.023597
0.41907
-0.255455
-0.302336
-0.411473
-0.527061
0.236724
-1.33303
0.290781
-0.449357
1.18097
0.580585
0.781233
0.753681
0.685287
-0.545155
1.11526
0.177675
0.651893
-0.0559049
0.268416
1.64498
-0.263274
0.120053
0.277283
2.15295
3.07133
0.094685
0.226598
0.689078
1.63209
1.0382
0.255876
1.44657
1.76048
0.437043
-0.353772
0.612767
1.71581
0.680876
0.0148443
1.89833
-0.723288
-0.574197
-0.00162439
-0.0495323
-0.0178618
-0.518622
0.17988
-0.319579
0.445638
-0.267119
0.285303
0.740243
0.33952
-0.775517
-0.821756
0.181329
1.3574
-0.588282
0.0929809
-0.410339
-0.210557
-0.605479
0.091909
0.281935
0.189191
-0.327255
0.39556
-0.123608
-0.264035
-0.555477
-0.140167
1.82619
1.22299
0.0708228
0.715079
0.599096
1.44703
-0.184046
0.00371173
0.87196
1.18063
0.00888172
-0.101371
1.21164
1.64948
0.315897
0.522113
1.37834
2.74447
0.375537
0.438331
1.22515
1.40121
0.844344
0.0911189
0.935881
1.22372
0.615922
0.0693076
0.543754
1.13689
0.91691
0.505499
1.72415
0.0102196
-0.34251
0.100983
-0.658998
-0.500385
-0.0821292
-0.0441942
-0.340889
0.382941
0.128284
-0.529847
-0.594443
-1.27788
-0.593761
-0.558911
0.345809
1.16933
-0.160015
-0.250452
-0.474503
-0.796653
-0.316424
0.0480356
-0.176608
-0.358897
0.698933
-0.2222
0.38869
0.605159
0.0542698
0.437354
-1.16096
-2.85984
-1.13042
-0.714359
-0.871181
-0.871289
-1.06313
-0.209966
-0.414756
-0.983478
-1.21864
-0.790751
-0.322467
-1.57133
-1.66987
-0.702774
-1.87091
0.420878
-0.0893389
-0.117754
0.599541
0.602483
0.300474
-0.342898
1.03047
0.407341
-1.1809
-0.103846
0.717223
0.566431
-0.185731
0.220949
1.3361
-3.04407
-1.58518
-1.10749
-0.853335
-0.404106
-1.12716
-1.24633
-1.8019
-0.860535
-0.697452
-0.904134
-1.16542
-1.17412
-1.32459
-1.30442
-2.93188
1.70485
0.890805
0.792604
0.241552
0.663119
0.812217
-0.143987
0.108912
0.325798
0.663539
1.06745
0.248735
1.49149
0.317543
0.306905
0.135023
-0.540282
-0.950261
-0.483108
0.685648
-0.198321
-0.311381
-0.79921
0.159605
0.1378
0.563068
-0.778856
-0.0647667
-0.805199
-0.171965
-0.736048
-0.411336
-1.55746
-1.24166
-0.643032
-0.656811
-0.60081
-0.50798
-0.820074
-0.900191
-0.976323
-0.750954
-0.667457
-0.625144
-1.12471
-0.670721
-1.1487
-2.35394
3.55871
1.82992
1.07914
1.04092
1.75794
1.47991
0.437636
0.202271
1.83881
1.40159
0.490537
0.754527
2.40793
1.68875
0.972197
1.47271
0.20958
-0.395718
0.461401
-0.881027
-0.238471
-0.51528
0.277266
-0.430935
0.153467
0.311034
0.586941
-0.278422
-0.191049
-0.53309
0.419994
-0.597043
0.388484
1.20428
0.0873305
-0.743494
-1.53471
0.41551
-0.399059
0.0795272
0.699078
-1.13235
1.18509
0.801032
-0.984784
-0.17536
0.292199
0.563753
-1.47066
-0.16548
0.0491947
0.864121
0.0309087
-0.956113
0.651002
0.0137423
-0.441144
-0.272664
-0.149782
-0.655678
-0.485981
-0.328848
0.542599
-1.54653
-0.184334
-0.37943
0.917846
-0.0438777
-0.414211
0.33232
0.845784
0.367046
-0.370949
-0.286783
-0.440896
0.064455
0.0396977
-0.000609321
0.21303
0.285161
-0.931276
0.461667
0.0777272
-0.235936
0.0902941
-0.937989
-0.625377
-1.18146
0.00172893
-0.86874
-0.0937683
0.00636904
0.138611
0.190532
-0.706471
1.99086
0.0866316
-0.77861
0.0329565
-0.505431
-0.303064
-0.458008
0.687219
0.989446
-0.419768
-0.183566
0.43376
-0.953655
-0.897204
-0.162619
-0.261962
-0.737559
0.0950846
0.93523
-0.518736
0.142873
-0.238858
-0.685485
-0.399742
0.268757
0.432919
-0.180339
0.662552
-0.247007
-0.942035
0.226759
0.753835
1.20566
3.38142
0.271884
-0.356449
1.05196
2.21829
0.974516
0.823579
1.40616
1.76232
0.430379
0.898542
1.3723
1.61568
1.0763
0.337551
3.22293
-1.51713
0.134765
-0.507343
-0.287104
0.272386
0.363511
-0.599938
0.126656
-0.482103
-0.530098
-0.200043
0.111226
-0.139602
-0.624431
0.598035
-1.06902
