0.349932
-1.1434
-2.8861
-1.76646
-2.31034
-0.980718
-1.54592
-2.13223
0.261954
-0.494321
2.48096
3.92886
3.77611
-0.699597
0.102527
-2.31062
-0.0418229
1.59237
0.307858
0.950473
-0.171551
0.418001
1.53136
-0.699915
-0.816167
-0.380294
-0.805084
-2.15852
-2.51234
-0.0688803
-0.74777
-1.50657
1.42457
0.365615
0.502479
0.388235
0.12799
-0.0229532
-0.0030559
0.430721
0.00789951
-0.0469308
-0.663957
-0.366429
-0.606738
0.0762652
-0.220964
-0.850742
0.670864
0.398925
-0.0418281
1.29342
0.961678
0.665056
0.288435
0.400553
-0.0520728
-0.517921
-1.00034
-0.613835
-0.251371
-0.974783
-0.0911142
0.0745951
0.0468745
2.32282
0.6326
-0.34216
0.20671
1.4654
0.0415011
-0.770244
2.98003
0.99889
-2.29558
-1.86884
-0.121569
0.353032
-0.485648
-1.01815
-4.59064
-4.04067
-3.07026
-1.8353
-0.56526
-1.2478
-0.923617
-1.0301
-2.70327
-0.380582
-2.75741
-1.95989
-2.75828
-1.85736
-0.337396
-0.279507
1.85068
0.93422
0.953912
2.09632
1.4714
0.311148
0.741249
-0.486615
-0.514012
-0.295532
-1.28252
-1.93628
-0.0320108
-1.00596
-1.41392
-0.70501
-0.649661
-0.924935
-2.79671
-1.80035
-2.56737
-0.518663
-1.39517
0.0964647
-0.741461
0.620333
0.887256
0.730469
-0.79338
-0.531126
-2.1053
-0.939306
-0.522041
0.969405
1.53176
-0.833745
-0.0069614
1.27259
0.0816035
-0.20837
-0.341777
0.877459
-1.26251
-1.94125
-1.1262
-0.280598
-0.815261
-2.07804
1.16806
0.540945
0.580143
0.890099
0.578898
0.127549
0.526178
1.22089
0.663578
-0.311738
-0.493658
-0.544468
-1.31669
-0.0886051
-0.0262669
-1.5723
1.13359
0.826362
1.00722
1.28587
1.79465
1.17447
0.593825
0.172954
-0.482394
-1.04976
-2.0711
-2.28306
-2.33977
-0.892365
-1.99716
-0.836053
1.74009
0.762271
1.14437
0.987667
0.543174
0.558495
1.19728
1.34146
-0.351769
-1.07886
-0.718117
-0.407398
-0.266192
-0.30776
-1.30128
-2.10493
1.26635
0.729157
0.820677
0.247301
-0.335239
0.907256
0.597251
0.135056
0.114731
-0.0442088
-0.294962
-0.813406
0.0122537
0.734373
-0.682035
-1.83637
0.89883
0.223365
0.1327
0.336994
0.436439
0.0451472
0.106947
0.31082
0.215749
-0.44303
-0.0658709
-0.620367
-0.671344
0.0476329
-0.0894647
-0.461227
0.407302
0.125737
0.145886
-0.0505631
-0.0973117
-0.0605046
0.391877
0.658988
0.271474
0.403294
0.0913963
-0.395291
-0.200154
1.02713
0.547368
-0.706115
2.60577
1.19387
1.21161
1.15978
1.56242
1.4751
1.31465
0.923515
-0.321679
-0.908722
-3.30453
-2.60419
-2.1782
-1.72177
-1.73696
-2.36841
1.63023
0.234493
0.434223
0.608793
0.763745
0.279923
0.262673
0.508166
-0.132976
-1.07876
-0.840182
-0.530585
-1.73562
-0.682238
-0.0739067
-1.03509
0.635334
0.650585
0.818685
0.272571
0.535911
0.404578
0.237356
0.805254
-0.108477
-0.00816506
-0.463593
-1.04873
-0.276825
0.151011
-0.614285
-3.12045
1.1769
0.73649
1.26586
0.503389
0.792206
0.650511
0.695153
0.723075
0.565932
0.494913
-0.287282
-0.984418
-0.470679
0.0272873
-0.842391
-2.08865
3.5563
0.238033
0.18923
0.868214
0.369645
0.704654
0.166035
0.681429
0.0395397
-1.26724
-0.999633
-0.365201
-1.10464
-0.759001
-0.0786027
-0.199024
-2.42993
-2.43387
0.0906941
0.868926
-0.304343
-0.234947
-1.51856
-1.40476
-2.08336
-1.37315
0.842001
-1.98593
-2.01974
-1.69729
1.20025
-0.692736
1.18232
0.59956
0.825447
0.245871
0.310075
0.229652
0.507517
0.610807
-0.165261
-0.907795
-0.926598
-0.624168
-0.0619772
-0.00256652
-0.414097
-1.17531
2.8119
0.49281
0.772084
1.2193
1.61228
0.711901
0.973337
1.83199
0.447043
-0.608198
-1.32611
-1.04951
-1.74084
-1.71901
-0.941279
-1.74999
2.83695
1.38698
0.102552
1.70572
2.72784
1.18671
0.229032
0.245894
0.466692
-1.02754
-2.25166
-2.54033
-0.830597
-1.25186
-2.72962
-3.00245
-0.0649476
0.962534
1.06695
0.770992
-0.0498391
1.12347
1.76809
0.500268
-1.11741
-0.295863
-1.6047
-1.69668
-0.886856
-0.258407
-0.0674326
-2.13146
1.81247
0.964185
-1.977
-0.44908
1.35137
-0.127137
0.197625
0.876048
1.60784
0.89515
-0.936113
-1.73224
0.717062
0.284683
-1.38174
-0.718641
1.65587
1.32571
1.20626
0.77594
1.61383
2.40645
1.53039
0.619411
-0.507535
-1.11647
-2.3616
-1.84893
-1.6006
-1.14065
-2.44894
-4.42271
0.664914
1.14826
0.772211
0.850425
1.12718
0.59882
0.675254
-0.0149876
-0.703918
-0.572259
-0.720219
-1.59008
-0.887343
-0.523964
-1.03252
-2.0901
-1.72182
0.300158
2.05255
1.37267
1.80982
0.112231
0.874921
0.495127
-1.18819
-0.201456
0.900373
-0.844068
-2.38592
-1.40181
-0.220827
-1.60325
0.601195
0.0396975
0.951581
1.41807
1.66043
0.306159
0.771917
0.334128
-0.0888619
-1.37568
-1.53386
-0.920912
-0.590449
0.197167
-0.941621
-0.977991
1.58959
0.85768
1.07695
0.562112
0.248292
0.119325
0.212815
0.801548
0.0821802
-0.324205
-0.521784
-0.805288
-0.7835
-0.00378671
-0.537118
-1.3526
-1.49599
-1.13221
-0.592742
-0.585763
-0.220514
-0.129569
-0.776872
1.16058
-0.0441672
-0.687154
0.790369
1.59984
0.0551409
0.425246
-1.08488
-0.745284
