-0.500553
0.518615
0.363582
-0.230812
-0.612893
0.363757
-0.40833
0.51565
-0.0713374
0.211379
-0.955523
0.0851791
0.148909
-0.301377
-0.0610743
-0.0289551
-1.03894
1.14522
0.308834
0.947601
0.210606
-0.220708
0.492538
0.547155
-0.478023
-0.225492
1.21262
0.296366
0.343459
-0.368769
-0.211294
1.37265
3.30934
0.731003
0.244916
1.67263
1.32462
0.220427
-0.010976
0.698999
1.39715
0.419432
-0.0201827
0.556107
1.08701
0.889387
0.575038
1.60058
0.216477
-0.882831
-1.08231
0.890604
-1.25293
-0.466759
-0.675673
-0.280935
0.236179
-0.949306
-0.97753
0.264883
-0.522995
-0.832116
-0.010693
-0.646708
-0.416271
0.742613
0.192809
-0.574635
0.289857
0.669424
0.24814
-0.405911
0.166338
-0.0102331
1.25746
-0.434867
0.384188
0.688333
-0.419516
-0.0658605
-0.159538
-0.438324
-0.433483
0.330978
-0.296149
0.29758
0.188632
-0.305235
0.516586
0.141631
-0.602248
-0.649755
0.600445
0.378002
0.0978078
-0.349557
-0.0887535
-0.540431
-0.0366289
-0.250982
-0.657133
-0.605416
-0.115098
0.220781
-0.1473
-0.180699
-0.631733
-0.898394
-0.140642
-0.828964
-0.0946654
-0.275856
0.137121
-0.00929204
0.110352
-0.480246
-0.138945
0.0320703
-0.432406
0.167195
0.171448
0.588212
-0.521978
-0.230294
-0.13439
-0.321031
-0.0584107
-0.55396
-0.763142
0.141722
0.645938
0.110715
0.705638
0.293205
0.682245
-0.0736277
0.410918
0.148431
0.750929
-0.591087
-0.323952
0.215543
-0.420626
0.994278
1.77595
-0.60053
0.791268
-0.121886
0.391305
-0.029206
0.600474
0.511212
0.344885
0.836575
0.0196936
0.935587
0.281986
1.19483
0.933924
0.833846
-0.659126
-0.926005
-0.44899
-0.439246
0.46031
0.250987
-0.511776
-0.0401734
-0.939267
-0.483961
-0.402571
-0.639717
-0.665762
0.205532
-0.176565
0.565832
-0.14402
-0.533
0.126561
-0.673945
-0.0663915
-0.153099
0.00262364
-0.835019
0.0121047
0.545954
0.00404723
-1.07982
0.584772
-0.261099
-0.754517
-0.579998
0.269168
0.488482
0.0391603
1.34712
0.449538
0.207157
-0.626883
1.11807
0.424733
0.223624
0.548326
0.693732
0.88504
0.101911
-0.169028
1.82847
0.165408
-0.588231
-0.411362
-0.3564
-0.301818
-0.118924
0.278036
-0.0974383
-1.15456
0.418949
0.465372
-0.602978
-0.437425
-0.398454
-0.193746
-0.449109
1.29655
0.506041
0.618414
-0.145437
0.46273
0.146071
-0.406449
0.993864
-0.211108
0.900681
0.0319658
-0.0775795
1.11896
-0.543812
-0.350306
2.83063
-0.450905
-0.246064
-0.823546
-0.520356
-0.268344
-0.452772
-0.80675
-0.664265
-0.352143
-0.685802
-0.928519
-0.773978
-0.522714
0.383136
-0.632485
-0.630062
1.68747
0.575473
-0.534196
0.204869
0.634489
0.787963
-0.641697
0.412965
0.551895
0.902295
-0.649895
-0.333889
0.897344
1.47748
-0.0823691
-0.087197
0.0950691
0.724235
0.102484
0.452007
0.18496
0.14933
0.816356
-0.567771
-0.392096
0.598889
-0.0152072
0.145462
-0.690975
0.603374
-0.485888
0.623269
1.26813
0.489839
0.0197857
0.874336
0.545236
-0.0304147
0.18322
0.498728
1.2065
0.317556
-0.799143
0.781565
1.0658
0.955053
0.194556
1.28193
-0.867982
-0.931479
0.0946038
0.22283
-0.617901
-0.237151
0.313056
-0.118804
-0.692086
-0.829029
-0.0616435
0.0897851
-0.660466
-1.32033
0.133159
-0.382822
-0.959836
0.469325
0.506732
-0.330749
1.06442
0.191528
-0.391764
-0.459506
0.0904755
0.0325335
0.194138
0.423771
0.108659
-0.193646
-0.150847
-0.133112
0.449281
0.363707
-0.323092
0.848924
-0.0889719
0.183625
0.263741
0.106578
0.388042
-0.108135
-0.102202
0.73874
-0.059367
-0.400762
-0.0586867
0.396528
0.0596808
0.180925
-0.521041
0.00765853
-0.520658
-0.514758
-0.33846
0.13163
-0.42638
0.354897
0.468479
-0.282523
-0.458386
-0.0418948
-0.371877
-0.414395
-1.56304
-0.186329
-0.778674
-0.266586
-0.569913
-0.619039
0.0725022
-0.83998
-0.236942
-0.471235
-1.09856
-0.218462
-0.6064
-0.95682
-0.0904909
0.379895
0.128148
0.439808
-0.456854
-0.611164
-1.19874
-0.36537
0.355583
0.0871386
-0.755584
0.256048
0.546543
0.244996
-0.225956
-0.259753
-0.0338603
0.392642
-0.740667
-0.0946332
0.325821
-0.560094
0.130842
0.878878
0.33256
0.437626
-0.160241
1.39658
-0.829833
-0.108824
-0.606756
-0.542391
-0.0577389
-0.554755
0.369691
-1.02665
-0.820734
-0.457516
-0.647648
-0.624529
-0.319829
-0.144518
-0.670578
-0.813511
-0.184534
-0.515555
-0.754983
-0.715111
-0.504593
-1.83187
0.23521
-0.227876
0.712765
1.18915
0.0692363
0.290549
1.10113
0.485758
0.685904
0.34403
-0.34226
1.12954
0.637335
-0.0215761
0.737002
1.69145
-0.330399
0.494234
-0.452321
0.649307
0.522279
-0.194412
0.289432
0.434517
-0.320898
-0.0789489
0.136767
0.338894
-0.00263527
0.558206
0.29515
-0.479806
0.806563
-0.718573
-0.549232
-0.605624
-0.139585
-0.962211
-0.176177
-0.0094457
-0.41075
-0.0127087
0.0882467
0.335831
0.790441
0.0398847
-0.5253
0.0249857
1.10716
-0.155141
-0.626923
0.590114
1.49108
0.139107
-0.303133
0.142
0.837631
0.00594687
0.0769387
0.0564059
1.06114
-0.0545713
0.537219
1.81053
-0.239733
-0.157888
0.0497164
0.210753
0.010908
0.150168
0.434082
-0.0363314
0.568707
0.534243
-0.207418
-0.22925
-0.509199
0.226342
-0.624097
0.038383
