0.148909
-0.578392
0.67901
-0.351897
-0.023052
0.502479
-0.585195
-1.30668
0.619509
0.312925
0.690895
0.238979
-0.0971979
-0.597338
3.77611
-0.01491
0.343459
-1.42934
0.419484
-0.616324
0.88376
0.421535
-0.537725
-0.460671
-0.49979
-0.321883
-0.437256
1.49537
-0.0989508
-1.23716
-2.51234
-0.181972
1.08701
-1.74995
0.853892
1.64889
0.510061
0.154412
-1.08344
0.767413
-0.488853
0.62452
-0.0941357
0.0791161
0.0156742
0.12828
-0.606738
1.73801
-0.522995
0.867689
-2.69853
-0.657099
1.76675
0.0401175
-0.785797
-0.25895
-0.263407
-1.46805
-0.0597052
-1.43862
0.00999392
1.14005
-0.251371
0.598299
0.384188
-0.938643
0.413699
-0.515399
-0.513826
-0.0890639
0.84848
1.27705
-0.524514
1.38074
0.0231344
0.211006
0.0256376
-0.83566
-0.121569
-0.185789
0.600445
-0.406471
0.923641
-0.178139
-0.329306
0.470463
0.640727
-0.119197
-0.134858
0.42702
0.343223
0.489204
0.00362741
-0.531805
-2.75828
-0.47896
-0.140642
-0.110831
-0.431874
-0.00557197
-0.00103698
0.527234
-1.68633
0.711642
0.990721
-0.78664
1.30902
0.0874614
-0.0309251
0.364567
-0.0320108
0.425375
-0.13439
-0.0966363
0.331953
-0.00270225
-0.865455
-0.324641
0.391169
-0.869531
0.236724
-0.223741
-1.40716
-0.759959
-0.0974949
-0.810841
-0.79338
-0.988913
-0.323952
-0.620626
0.400088
-0.343453
0.861599
-1.5877
0.209366
-1.20599
-0.263274
-0.592075
0.85666
0.0180476
-0.0371885
-0.560033
-1.1262
-0.330269
0.281986
0.585825
0.704292
0.646848
1.10801
-0.248617
-0.312391
1.0013
1.71581
-0.629131
-0.380121
0.125274
0.0145061
-0.169307
-1.31669
-1.72231
-0.665762
0.573695
-0.998979
0.131032
0.443896
0.68207
-1.58254
-0.293852
0.33952
-0.648617
-0.342023
-0.267736
0.0939702
0.379871
-2.33977
0.350251
0.584772
-0.318818
-0.787778
-0.482514
-0.968355
2.1988
-1.53149
0.58224
-0.264035
1.6963
-0.456119
0.573344
-0.0261103
0.496638
-0.266192
1.47508
0.88504
0.602257
-2.50531
0.845599
0.750216
-0.99495
-0.385622
1.20559
1.64948
1.02317
0.255871
-1.40734
0.062639
-0.485117
0.0122537
0.426437
-0.437425
0.989506
0.695869
-0.938407
-0.36445
0.717363
-2.47134
0.501508
1.13689
1.68324
-0.0853414
-1.78901
-0.020629
-0.299488
-0.671344
0.404918
1.11896
0.0378362
0.326461
-0.580425
0.866065
-0.0763869
-0.232208
-0.548647
-1.27788
1.27456
-0.342652
-0.0208326
0.00866894
0.0466884
-0.200154
0.575891
-0.522714
-0.504153
1.68735
0.222504
-0.631431
0.294909
-0.564867
0.810792
0.605159
-0.733985
-0.218777
-1.18207
-0.0580528
1.55611
-2.1782
-0.0523794
0.897344
-1.07006
0.975174
0.926929
0.788789
-0.602964
-0.376571
1.06641
-1.57133
-1.29652
0.542881
-0.611546
-0.0441116
-0.0957498
-1.73562
0.634447
-0.690975
0.613322
0.205402
-0.171089
0.310984
1.59698
-1.01446
0.308923
0.566431
0.440471
-0.814872
-0.370967
-0.0971935
0.687715
-0.276825
-0.923185
1.0658
-0.223359
0.73237
0.983014
0.147234
0.143656
-2.94781
0.721337
-1.17412
-0.300224
-0.385902
1.78847
0.112689
-0.0255412
-0.470679
1.63169
-0.660466
1.23723
-1.72687
-0.414764
-2.49659
1.07224
-0.0751775
1.1499
1.49149
0.482011
-0.0838437
-1.6242
-0.0361875
0.33545
-1.10464
-0.778842
0.108659
-0.748968
-0.809673
0.433117
-0.819829
-0.731855
-0.223107
-2.03751
-0.805199
-0.472672
-2.30912
0.0321169
-0.00858716
-0.253537
-2.01974
-0.0285313
-0.059367
0.377265
0.109748
0.259106
-0.523213
1.30014
-1.40618
0.406685
-1.12471
-0.776078
0.146422
-0.771735
0.0180695
0.0171544
-0.0619772
0.877092
-0.458386
1.02958
0.385217
0.0476159
-0.874579
-0.473071
1.55435
1.76194
2.40793
0.434149
-0.394416
0.983885
0.0124139
-0.858603
-1.74084
-1.05439
-0.6064
0.740689
-1.11825
-0.420726
0.868976
-0.666863
0.0395891
1.71843
-0.191049
0.851241
0.853197
0.63948
-0.0738178
1.59822
-0.830597
0.907762
-0.225956
0.48905
0.268388
-0.0061168
-0.826752
0.172833
-0.580924
-1.24744
-0.984784
-0.172848
-0.485656
0.164812
-0.0942428
-0.520195
-0.886856
0.176626
-0.606756
0.0815896
-0.678508
-1.03582
-0.70874
-0.758297
0.313865
0.272175
-0.485981
0.506989
0.479435
0.11266
-0.0145782
-1.01832
0.717062
-0.406462
-0.754983
-0.144217
0.472943
-0.731399
-0.0299845
-0.294956
-1.2303
0.294443
0.0396977
-0.801077
-0.185429
-0.011858
-0.070419
0.574901
-1.6006
0.0865577
0.637335
-1.58807
-0.893879
0.308436
-1.16673
0.0311389
0.75334
0.175239
0.138611
-0.640522
-0.306151
0.0972979
-0.0488512
-0.391045
-0.887343
0.84711
-0.00263527
-0.028827
-0.874032
0.834031
0.627018
0.0100817
1.29788
-1.72169
-0.897204
0.207311
-0.197082
-1.22214
0.0224224
-0.409915
-2.38592
0.344319
0.790441
0.178861
-1.03336
-0.259939
-0.661803
0.415839
-1.45412
1.23457
-0.942035
-1.95371
-0.147858
-0.377073
-0.0216223
1.79899
-0.590449
-0.0820653
1.06114
-0.103061
-0.738659
1.40978
-1.49078
-0.0763446
-1.10372
1.24681
1.61568
0.160445
-0.110519
-0.109681
-0.0185455
0.628114
-0.7835
-0.234798
-0.509199
0.808955
-1.4757
-0.640582
-0.269619
-1.88244
-0.730944
0.972199
-0.139602
-0.309861
-1.05108
0.676072
-0.00875282
-1.02826
0.0551409
-0.726668
