0.606127
0.879115
0.643693
-0.0562087
-0.398189
0.481203
-0.456303
-1.5757
-0.494673
0.0114602
-0.907569
-0.410892
0.502479
-0.632673
-0.209705
-1.20519
-0.167453
-0.261895
-0.109687
0.252546
-0.167894
-0.597298
-0.38691
-0.208569
0.335941
-0.519424
-0.00434687
-0.376051
0.421535
0.316099
0.44235
1.59731
-0.394414
-0.503233
-0.336707
0.146179
0.373659
0.222534
-0.221612
-0.591928
-0.0107522
0.416496
0.00153715
0.449638
0.154412
-0.189997
0.435213
0.525786
-1.15204
-0.519905
0.423387
0.430429
0.570984
-0.153289
-0.092431
0.317263
-0.0387945
0.389739
0.169093
-0.580879
0.0401175
-0.134319
0.657812
1.27958
-0.615241
-0.213991
0.0273531
-0.0371864
-0.831707
-0.100536
-0.677161
-0.288889
-1.2262
-0.631295
-0.642996
-0.32398
-0.0890639
0.682684
1.00016
0.868593
0.355612
-0.475617
0.709995
0.53327
0.228331
0.467381
0.242604
0.202209
-0.0707583
-0.408929
-0.642648
-0.582283
0.470463
-1.15175
-0.311863
-0.642321
-0.481353
-0.296022
-0.114986
-0.330647
0.58709
-0.309553
-0.975532
0.211316
0.466977
-0.495066
0.285116
0.829615
0.527234
0.776401
0.328035
-0.671772
0.33157
0.472927
0.186231
0.524082
-0.635152
-1.07534
-0.16828
0.168622
-0.472757
0.0432565
-0.838295
0.255164
-0.324641
-0.476716
0.182619
0.0734938
-0.865567
-1.79126
-0.838778
-1.25234
0.0959759
0.494833
0.0441044
0.664884
0.291713
-0.0387195
-1.76206
-0.633929
-1.5877
-1.1638
-0.8792
-1.16936
-1.31676
-0.877164
-0.730203
-0.553638
-0.464047
-0.23289
-1.05137
-1.14276
-1.0868
-0.868672
-1.15071
-0.758598
-0.248617
-0.296883
-0.337513
-0.527694
-1.00902
-0.195732
0.00208633
-0.164414
1.30292
0.448807
-0.822975
-0.59247
-0.501811
-0.158677
0.0941145
-0.275549
0.68207
0.47288
0.624236
0.13384
1.51978
0.514035
1.69451
2.33618
1.8103
1.18435
1.36726
1.4626
1.71757
1.4876
1.13695
2.2849
2.1988
1.19017
1.58202
2.22732
-3.75749
-2.78092
-0.969414
-1.05884
-1.90074
-1.04713
-0.460126
-0.980234
-0.160738
-0.325653
-1.19754
-1.07553
-0.99495
-1.54936
-1.54063
-1.67989
2.06529
1.62528
0.642498
1.69912
1.13609
0.932608
0.490541
0.162451
0.961012
0.277633
0.519567
0.82096
0.717363
0.853803
0.36557
1.70788
0.861061
-0.192104
0.236745
0.362698
0.818383
0.499131
0.403573
1.01503
0.681916
0.91248
0.0110913
0.744074
-0.0763869
0.567739
0.640253
1.91861
-0.644065
-0.666188
-0.336689
0.661941
-0.448581
0.656561
0.819165
-0.235678
-0.195081
-0.187171
1.12323
1.1762
0.294909
-0.0777315
0.408638
0.97752
-3.25748
-1.42376
-1.15952
-0.689399
-1.35874
-0.98213
-0.353318
-0.534381
-0.174753
-0.108225
0.241287
-0.322672
-0.602964
-0.966714
-1.3043
-1.18946
1.67296
0.380816
0.317796
0.917724
1.61251
0.758728
0.937537
1.46597
1.08105
0.96836
0.525388
1.71925
1.59698
1.05791
0.49185
1.93928
-0.982606
-1.21515
-0.901171
-0.161555
-0.490325
-0.122605
-0.194803
-0.449035
0.130306
-0.220213
-0.391277
-0.104138
0.143656
0.0493557
-0.724651
0.279351
-0.228587
1.31075
0.115579
0.640651
1.5803
1.06534
0.649833
0.744469
0.928353
0.629356
1.1261
0.482958
1.07224
0.944172
0.442041
0.00811365
0.703474
1.04421
0.413439
0.585008
-0.434616
0.272105
-1.18292
-0.0533628
0.558936
0.84294
0.115495
-0.132145
-0.731855
-1.23717
-0.270293
-0.782031
2.88574
1.63659
1.56591
2.30829
1.84806
1.09271
1.09113
1.04671
1.44173
0.837453
0.735496
1.14781
1.30014
1.68069
1.63189
2.756
-2.16617
-0.331928
-1.57018
-1.28063
-0.809178
-1.06051
-0.191062
0.111808
0.298336
0.634769
-0.509678
-0.920164
-0.473071
-0.94314
-1.53699
-1.36163
-1.92667
-0.665061
-0.0934612
0.430913
0.314894
0.785998
-0.0967251
-0.819911
-0.912493
-0.634141
0.517598
0.0292257
-0.666863
0.333262
0.287908
0.964527
-0.564233
-0.193938
-1.28462
0.409772
0.700043
0.111376
-0.270382
-0.315805
0.684348
-0.854785
0.722729
-0.0569823
0.172833
0.642552
-0.427017
0.828077
-1.1632
-0.511075
-0.628072
0.203824
-0.237453
0.234858
0.675885
0.400698
0.730157
-0.204582
0.576992
-0.187837
-0.758297
-0.191447
-0.421103
-0.0377393
-0.96927
-0.642009
0.0981434
0.0555131
0.177927
0.405986
-0.0331793
-0.163752
0.273991
-0.105523
0.209501
0.786376
-0.294956
-0.189384
0.225076
0.298203
-1.20691
-0.69252
-0.422898
-0.886919
-0.552504
0.0828117
-0.541712
-0.911364
-0.78855
-0.798669
0.138146
0.610368
0.0311389
0.634446
-0.207609
0.4986
-0.0805773
-0.144079
-0.163104
-0.655262
-0.474944
0.415165
-0.14066
1.14669
-0.287795
0.493794
0.956887
0.112794
0.0100817
-0.130198
-0.771698
0.722555
-0.993756
0.0530251
0.0336145
1.15514
0.5485
0.65623
0.0699615
-0.499553
-0.0203614
-0.0226946
0.379195
1.48102
0.415839
1.52432
0.46124
0.594715
-3.14269
-1.9304
-1.21699
-1.356
-1.54877
-0.916249
-1.20116
-1.98639
-2.24392
-2.08468
-1.53334
-0.522761
-0.0763446
-0.356862
-0.53093
-0.719912
-0.341308
0.208862
1.77155
-0.302854
0.154567
-1.02325
-0.432391
0.475219
0.620819
0.546578
-0.200172
-0.227706
-1.88244
-1.7005
-1.24783
-1.08056
