0.209902
-1.54592
-0.555648
-0.0808822
1.90479
-1.72298
0.00010984
-0.0368447
0.472971
1.25445
-0.456303
-0.48193
0.322388
-0.0783148
0.432935
-0.40833
0.187102
1.53136
0.0553273
0.0311183
-0.281714
0.133294
1.949
-0.302788
3.95372
4.2158
-0.38691
-1.19557
-0.00168532
-0.791789
0.166244
0.492538
0.318318
-0.0030559
-0.294369
0.0758189
0.157436
-0.119176
-0.750398
0.120287
-1.48405
-12.3225
-0.221612
-1.19195
0.199993
-0.655237
-1.18741
-0.010976
0.103523
0.288435
1.20913
-0.00239092
0.824398
-0.0957979
-1.50328
0.22661
-1.89856
0.679749
-0.092431
0.439366
-0.173749
-0.415496
0.79755
-0.675673
0.665155
0.0415011
-1.13352
0.0682591
0.118982
-0.744719
1.40208
0.16974
1.49351
1.22279
-0.677161
-0.577755
0.189692
0.201526
-0.136256
0.24814
-0.562628
-0.923617
-1.57206
-0.0697353
0.976534
0.115879
0.0488589
-0.00518528
1.7329
1.75571
0.242604
-1.79374
0.794941
-0.966629
-0.00316846
0.188632
0.399407
0.741249
0.513964
-0.0495182
-0.488451
0.279189
-2.16815
-0.129044
-1.22338
1.10149
-0.975532
0.566435
-0.131
-0.676479
1.59881
-0.115098
-0.147211
-1.39517
-0.292685
-0.050423
-0.979042
0.0366202
-0.264554
-0.023597
1.23262
0.36514
-0.16828
1.35069
-0.388876
1.26624
0.362336
-0.432406
-0.541306
0.0816035
-0.10873
0.0308728
0.681993
0.660578
0.690833
1.11526
1.47488
0.595295
0.0441044
-0.0796335
0.81566
-1.6679
-0.444876
0.682245
-0.56371
0.526178
-0.23443
-0.0615248
0.187806
-0.514573
-0.540559
0.255876
0.308343
-15.0054
-1.05137
-2.0485
-0.684469
-1.31128
0.810697
0.600474
-0.686461
0.593825
0.694774
-0.0351118
-0.740038
-0.670977
-0.33914
0.17988
-2.3416
0.153294
-0.822975
-2.47681
-0.872242
-0.43016
0.359923
-0.511776
0.791115
1.19728
0.30455
-0.0797364
-1.42975
0.590005
0.484386
0.091909
-2.02025
-0.179019
1.36726
1.2063
0.12607
-0.48616
0.13152
0.00262364
-0.317857
0.597251
-0.639459
0.0514452
1.16468
0.504001
1.21659
0.00371173
-1.03166
-2.7128
-0.460126
0.762935
-0.376988
-0.663651
0.604734
-0.626883
-0.315348
0.106947
-0.406624
0.00976595
0.752682
-0.867633
0.612995
0.0911189
-0.995266
-3.12041
0.490541
-0.323312
-0.474218
-0.714462
0.986336
0.278036
0.190711
0.391877
-0.159206
-0.0202983
0.615609
-0.0970809
0.398695
-0.0441942
0.102508
-1.27436
0.403573
-0.942046
-1.1109
0.0774467
-0.280544
-0.406449
-0.0880931
1.31465
2.36362
0.0431192
0.916324
0.00579672
-0.981243
0.0480356
-2.39553
0.0206186
0.819165
1.20592
-0.576914
0.270099
-0.238295
-0.80675
0.153441
0.262673
-1.10191
-0.0833945
1.12481
0.0595155
0.442145
-0.209966
-0.356414
0.581907
-0.353318
0.586751
-0.136719
0.695474
-0.93722
-0.641697
-0.155609
0.237356
0.602346
0.0670102
-2.08368
-0.16306
0.443311
-0.342898
-0.748336
-4.09133
0.937537
-1.37078
0.201514
0.775924
1.43646
0.816356
0.847007
0.695153
-0.0575676
-0.0399797
-1.44145
0.426182
0.924344
-1.24633
-0.651545
-1.80038
-0.194803
-0.440362
-0.659572
-0.210619
-0.429146
0.18322
-0.734931
0.166035
-0.737574
0.00144868
0.0446079
0.345442
0.708363
-0.143987
-1.65882
0.091459
0.649833
1.199
0.274399
1.59996
0.103217
0.313056
-0.423489
-1.51856
-0.0806167
-0.0121914
-0.920984
-1.06759
-0.741363
-0.79921
-0.799645
-0.246391
-1.18292
-0.00580017
-0.566757
-1.04886
-0.221971
-0.391764
0.245118
0.507517
0.705899
-0.0261759
0.774493
0.0278068
1.29282
-0.820074
-1.20665
-0.460779
1.09113
0.386335
0.527456
1.57789
0.251071
0.263741
-0.24465
0.973337
0.170605
0.0570818
-2.11768
0.240338
-0.264194
0.437636
-1.04208
-0.290707
-0.191062
1.1756
0.061669
0.142224
0.530896
-0.33846
0.132879
0.229032
1.08565
-0.0729747
0.380708
-0.820029
-0.520333
0.277266
-1.02542
0.313204
-0.0967251
0.423427
-1.54217
-0.524725
0.017593
0.0725022
0.512006
1.76809
-0.532376
0.0220413
-1.30415
0.0608466
-2.43783
-0.399059
-1.87662
-0.206147
-0.270382
0.898307
0.0713325
0.501644
-0.249489
0.355583
-0.479682
0.197625
-0.174698
-0.0678104
-0.0742603
-0.453012
-0.337493
0.651002
0.81086
1.34052
0.675885
0.430716
0.58217
0.784799
-0.806023
0.33256
-0.319018
1.53039
1.49376
0.00558231
-0.732664
-0.257894
0.938924
0.845784
-2.41535
0.921031
-0.0331793
0.185514
0.0293416
-0.187968
0.352112
-0.319829
-0.177487
0.675254
-1.35979
0.0365125
0.509273
-0.0907472
-1.20719
-0.625377
-0.0354841
0.586734
-0.541712
0.524031
1.05872
0.48104
-1.21242
1.10113
-0.0563929
0.874921
0.150031
0.0401618
0.148469
-0.513278
0.334037
0.687219
2.43072
-0.773816
-0.14066
0.379445
0.827155
0.678401
0.403436
0.289432
0.610449
0.771917
0.54598
-0.0204504
0.326081
0.571791
-0.288741
-0.399742
-1.7058
-3.73732
0.0699615
-1.16563
-1.08822
-1.76074
-0.13259
-0.176177
-0.376964
0.212815
-0.57007
0.0498092
-0.191231
0.229453
-1.10369
0.823579
-0.291579
1.14099
-1.20116
1.10444
-0.00447095
0.191208
0.0377378
-0.303133
0.221783
-0.776872
-1.23705
-0.107552
-0.527701
-0.861221
0.48892
-0.599938
1.44156
1.41435
-0.432391
-0.11925
-0.639852
-1.51076
0.554559
0.434082
