-0.40833
0.432935
-0.0783148
0.322388
-0.48193
-0.456303
1.25445
0.472971
-0.0368447
0.00010984
-1.72298
1.90479
-0.0808822
-0.555648
-1.54592
0.209902
0.492538
0.166244
-0.791789
-0.00168532
-1.19557
-0.38691
4.2158
3.95372
-0.302788
1.949
0.133294
-0.281714
0.0311183
0.0553273
1.53136
0.187102
-0.010976
-1.18741
-0.655237
0.199993
-1.19195
-0.221612
-12.3225
-1.48405
0.120287
-0.750398
-0.119176
0.157436
0.0758189
-0.294369
-0.0030559
0.318318
-0.675673
0.79755
-0.415496
-0.173749
0.439366
-0.092431
0.679749
-1.89856
0.22661
-1.50328
-0.0957979
0.824398
-0.00239092
1.20913
0.288435
0.103523
0.24814
-0.136256
0.201526
0.189692
-0.577755
-0.677161
1.22279
1.49351
0.16974
1.40208
-0.744719
0.118982
0.0682591
-1.13352
0.0415011
0.665155
0.188632
-0.00316846
-0.966629
0.794941
-1.79374
0.242604
1.75571
1.7329
-0.00518528
0.0488589
0.115879
0.976534
-0.0697353
-1.57206
-0.923617
-0.562628
-0.115098
1.59881
-0.676479
-0.131
0.566435
-0.975532
1.10149
-1.22338
-0.129044
-2.16815
0.279189
-0.488451
-0.0495182
0.513964
0.741249
0.399407
-0.432406
0.362336
1.26624
-0.388876
1.35069
-0.16828
0.36514
1.23262
-0.023597
-0.264554
0.0366202
-0.979042
-0.050423
-0.292685
-1.39517
-0.147211
0.682245
-0.444876
-1.6679
0.81566
-0.0796335
0.0441044
0.595295
1.47488
1.11526
0.690833
0.660578
0.681993
0.0308728
-0.10873
0.0816035
-0.541306
0.600474
0.810697
-1.31128
-0.684469
-2.0485
-1.05137
-15.0054
0.308343
0.255876
-0.540559
-0.514573
0.187806
-0.0615248
-0.23443
0.526178
-0.56371
-0.511776
0.359923
-0.43016
-0.872242
-2.47681
-0.822975
0.153294
-2.3416
0.17988
-0.33914
-0.670977
-0.740038
-0.0351118
0.694774
0.593825
-0.686461
0.00262364
0.13152
-0.48616
0.12607
1.2063
1.36726
-0.179019
-2.02025
0.091909
0.484386
0.590005
-1.42975
-0.0797364
0.30455
1.19728
0.791115
-0.626883
0.604734
-0.663651
-0.376988
0.762935
-0.460126
-2.7128
-1.03166
0.00371173
1.21659
0.504001
1.16468
0.0514452
-0.639459
0.597251
-0.317857
0.278036
0.986336
-0.714462
-0.474218
-0.323312
0.490541
-3.12041
-0.995266
0.0911189
0.612995
-0.867633
0.752682
0.00976595
-0.406624
0.106947
-0.315348
-0.406449
-0.280544
0.0774467
-1.1109
-0.942046
0.403573
-1.27436
0.102508
-0.0441942
0.398695
-0.0970809
0.615609
-0.0202983
-0.159206
0.391877
0.190711
-0.80675
-0.238295
0.270099
-0.576914
1.20592
0.819165
0.0206186
-2.39553
0.0480356
-0.981243
0.00579672
0.916324
0.0431192
2.36362
1.31465
-0.0880931
-0.641697
-0.93722
0.695474
-0.136719
0.586751
-0.353318
0.581907
-0.356414
-0.209966
0.442145
0.0595155
1.12481
-0.0833945
-1.10191
0.262673
0.153441
0.816356
1.43646
0.775924
0.201514
-1.37078
0.937537
-4.09133
-0.748336
-0.342898
0.443311
-0.16306
-2.08368
0.0670102
0.602346
0.237356
-0.155609
0.18322
-0.429146
-0.210619
-0.659572
-0.440362
-0.194803
-1.80038
-0.651545
-1.24633
0.924344
0.426182
-1.44145
-0.0399797
-0.0575676
0.695153
0.847007
0.313056
0.103217
1.59996
0.274399
1.199
0.649833
0.091459
-1.65882
-0.143987
0.708363
0.345442
0.0446079
0.00144868
-0.737574
0.166035
-0.734931
-0.391764
-0.221971
-1.04886
-0.566757
-0.00580017
-1.18292
-0.246391
-0.799645
-0.79921
-0.741363
-1.06759
-0.920984
-0.0121914
-0.0806167
-1.51856
-0.423489
0.263741
0.251071
1.57789
0.527456
0.386335
1.09113
-0.460779
-1.20665
-0.820074
1.29282
0.0278068
0.774493
-0.0261759
0.705899
0.507517
0.245118
-0.33846
0.530896
0.142224
0.061669
1.1756
-0.191062
-0.290707
-1.04208
0.437636
-0.264194
0.240338
-2.11768
0.0570818
0.170605
0.973337
-0.24465
0.0725022
0.017593
-0.524725
-1.54217
0.423427
-0.0967251
0.313204
-1.02542
0.277266
-0.520333
-0.820029
0.380708
-0.0729747
1.08565
0.229032
0.132879
0.355583
-0.249489
0.501644
0.0713325
0.898307
-0.270382
-0.206147
-1.87662
-0.399059
-2.43783
0.0608466
-1.30415
0.0220413
-0.532376
1.76809
0.512006
0.33256
-0.806023
0.784799
0.58217
0.430716
0.675885
1.34052
0.81086
0.651002
-0.337493
-0.453012
-0.0742603
-0.0678104
-0.174698
0.197625
-0.479682
-0.319829
0.352112
-0.187968
0.0293416
0.185514
-0.0331793
0.921031
-2.41535
0.845784
0.938924
-0.257894
-0.732664
0.00558231
1.49376
1.53039
-0.319018
1.10113
-1.21242
0.48104
1.05872
0.524031
-0.541712
0.586734
-0.0354841
-0.625377
-1.20719
-0.0907472
0.509273
0.0365125
-1.35979
0.675254
-0.177487
0.289432
0.403436
0.678401
0.827155
0.379445
-0.14066
-0.773816
2.43072
0.687219
0.334037
-0.513278
0.148469
0.0401618
0.150031
0.874921
-0.0563929
-0.176177
-0.13259
-1.76074
-1.08822
-1.16563
0.0699615
-3.73732
-1.7058
-0.399742
-0.288741
0.571791
0.326081
-0.0204504
0.54598
0.771917
0.610449
-0.303133
0.0377378
0.191208
-0.00447095
1.10444
-1.20116
1.14099
-0.291579
0.823579
-1.10369
0.229453
-0.191231
0.0498092
-0.57007
0.212815
-0.376964
0.434082
0.554559
-1.51076
-0.639852
-0.11925
-0.432391
1.41435
1.44156
-0.599938
0.48892
-0.861221
-0.527701
-0.107552
-1.23705
-0.776872
0.221783
