-0.31489
-0.699597
-1.39877
0.039398
-0.345839
-0.0963167
-0.369407
0.624343
-2.67029
-0.532783
-0.632673
0.335382
-0.221679
-0.175163
-1.26327
-0.301377
-0.0920707
-0.0688803
0.199281
-0.0075968
1.40234
0.798308
0.34772
-0.644579
1.39245
0.310404
0.316099
0.936306
-0.427164
-0.0957567
-1.33388
-0.368769
0.360342
0.0762652
0.0933032
-0.0471529
0.147459
-0.177336
-0.345845
0.229495
-0.728668
0.323678
-0.189997
0.190949
0.0182315
0.293154
-1.66936
0.889387
-0.0749306
-0.974783
0.941605
0.0497694
-1.00139
0.854459
-2.58237
0.389448
0.943414
0.525171
-0.134319
0.082138
-0.0891047
-0.940882
0.660755
-0.832116
-0.100693
0.353032
-1.11967
-0.0753405
-0.281854
-0.444485
1.56818
-0.370941
1.45446
-1.14857
0.682684
-0.763257
0.180416
-0.760583
0.854246
0.688333
-0.67053
-1.85736
-0.708397
-0.0147532
0.313614
-0.663267
-0.356994
0.404302
-1.41506
-0.100602
-1.15175
-0.545461
0.492231
0.440179
0.442671
0.378002
-0.669498
-1.00596
0.911241
0.0464362
-0.288644
-0.6303
-1.85784
-0.229271
0.683352
-0.421784
0.776401
-0.220397
-0.77766
-0.317168
0.594081
-0.828964
-0.487036
-0.531126
-1.40667
-0.093141
-1.10789
-0.0434708
-0.17533
-1.33303
-2.66956
0.0255395
-0.476716
-1.00125
0.442109
0.592903
-0.0358001
-0.321031
-0.440226
-0.280598
-0.886151
-0.0457209
-0.0775571
-0.66389
0.092472
0.120053
1.06819
-1.13914
-1.1638
0.638765
0.351083
-0.359896
0.37985
0.215543
-1.94437
-0.0886051
-0.19801
-0.0687745
-0.143355
0.261364
-1.16725
0.680876
0.14108
-0.600999
-0.296883
0.324979
-0.0723377
0.61784
0.757202
1.19483
0.993565
-0.892365
0.848801
-0.0730172
0.0875301
-0.647738
-0.906847
-0.775517
0.740267
-0.440281
0.47288
0.767846
0.944797
-0.51559
0.325954
0.205532
1.09574
-0.30776
0.0118725
-0.0641676
-0.689563
-0.675222
0.966305
-0.555477
-1.11611
1.97518
1.19017
-0.259082
-0.125036
-0.750957
-0.162388
-0.261099
0.462904
0.734373
0.0909828
0.0531279
-0.499789
0.139418
0.469117
0.315897
-0.0942571
-0.762496
-1.54936
0.690495
0.238922
-0.651527
0.640312
0.101911
-0.0330174
0.0476329
0.132111
0.0278628
-1.34154
-0.292817
1.15854
0.91691
-0.931246
0.413238
0.853803
-0.37157
-0.995343
1.08976
0.69123
-0.398454
0.136625
1.02713
-0.653655
0.00542384
-0.376217
-0.274908
1.61928
-0.593761
-1.67303
1.9683
0.567739
0.628957
-0.328116
1.13621
-0.411623
-0.543812
0.42317
-1.72177
1.99396
-0.112934
0.197417
0.380909
-1.23419
0.0542698
1.88945
-1.21242
-0.0777315
-0.645762
-0.305114
0.0308526
0.811205
0.383136
0.700637
-0.682238
-0.890156
-0.00954489
-0.235584
0.955019
-0.353968
-1.66987
0.724612
-0.0757414
-0.966714
0.726558
0.949031
0.27302
-0.231553
1.47748
-0.895821
0.151011
0.138884
-0.0500144
-0.838163
-0.268785
-0.532369
-0.185731
-0.703142
1.15495
1.05791
-0.303002
0.149259
0.261459
0.266071
0.603374
0.915238
0.0272873
0.164094
0.0285751
0.615008
-0.96974
0.458235
-1.32459
-0.438269
0.182257
0.0493557
-0.0265916
0.479985
-0.487381
-0.127557
0.955053
-0.608426
-0.759001
-0.175455
-0.0701867
-1.13767
-0.137331
0.413072
0.317543
0.0938752
-1.1334
0.944172
-1.40855
0.0648011
-0.446756
1.75997
-1.32033
0.037939
-1.69729
-0.89198
-0.0644144
-0.549441
-1.40075
0.616968
-0.171965
-1.54169
1.0009
-1.23717
-0.61167
-0.401484
-0.134277
-0.350708
-0.193646
0.113256
-0.00256652
0.123876
0.0406116
0.432516
0.440636
0.0066901
-0.670721
-0.904795
3.26594
1.68069
-0.382803
0.0367248
-0.493314
0.366471
-0.400762
-0.716937
-1.71901
-0.505
0.00718191
1.05849
-0.62037
0.613421
1.68875
-0.169818
0.0543476
-0.94314
-0.704929
-0.0687023
0.793863
0.520815
-0.0418948
0.0224467
-1.25186
0.128477
-0.0842636
0.0487096
-0.0116573
0.0816036
-0.53309
2.31613
-0.819708
0.333262
0.587549
-0.48758
1.17574
0.180119
-0.95682
-0.0428521
-0.258407
-0.488184
-0.0582933
-0.00616769
-0.364248
0.52792
-0.17536
-0.728988
-1.07996
0.642552
0.337554
-0.220224
-0.256754
-0.704383
-0.259753
0.0150619
0.284683
-1.40596
-0.0426779
0.489762
0.246928
0.457158
-0.328848
0.30438
0.306792
-0.191447
1.2327
0.395462
-0.104649
-0.0768891
-0.542391
-0.106708
-1.14065
0.997056
-0.073896
0.981043
-1.80006
0.1754
-0.000609321
1.40044
0.00929837
-0.189384
0.342754
-0.915512
0.395586
0.174366
-0.715111
-0.0464792
-0.523964
-0.981044
-0.00754125
0.654087
-0.381405
-0.496558
0.190532
-0.0485511
0.632906
0.634446
0.374282
0.147295
-0.6902
-2.31864
-0.0215761
0.582752
-1.40181
-0.0608867
-0.0684129
0.525874
1.05186
0.308625
-0.162619
0.457431
1.15094
-0.130198
0.5347
-0.897736
-0.622474
0.899807
0.558206
-0.183449
0.197167
0.863345
0.076583
0.60331
-0.162297
-1.86659
0.226759
0.663427
-1.26943
1.52432
0.850617
-0.193262
0.134965
-0.287893
0.0398847
-0.33698
-0.00378671
-0.127899
-0.108228
0.116235
0.0733276
-1.82059
1.0763
-0.0570202
-0.606344
-0.356862
-0.550322
0.826539
-1.77666
-0.552593
-0.0545713
-0.475289
0.425246
-1.0402
-0.010357
-0.0140107
-0.329386
1.21381
-0.624431
-1.85206
0.29567
-1.7005
0.761708
-0.0678759
0.363531
0.681237
0.226342
