0.363582
-0.677716
-0.557698
0.442066
0.125356
0.643693
3.7747
-2.68995
-0.13097
0.119613
0.228971
-1.63857
-0.0328451
-1.30869
-2.8861
-0.0546838
0.308834
-1.54514
0.474988
-0.30842
-0.539463
-0.109687
-0.179222
-0.376986
-0.35101
0.560828
-0.144025
-0.43316
-0.0346584
0.419518
0.307858
0.488438
0.244916
-2.52117
0.209786
0.510288
0.798014
-0.336707
1.22987
-0.297134
0.384295
1.30132
0.1482
-0.974566
-0.0764981
-0.575054
0.502479
0.763887
-1.08231
0.555906
0.839444
-0.38721
0.402681
0.423387
0.130574
1.22036
-0.00604603
-1.125
-0.093754
-1.27167
-0.0687728
1.03072
-0.0418281
0.299186
0.192809
-1.15517
0.497484
0.722113
0.376499
0.0273531
0.278035
-0.784621
0.469135
-0.585008
0.167171
-0.797543
-0.0158965
-0.779528
0.6326
-0.00631157
-0.433483
-1.18315
0.197845
0.276731
-0.786842
0.709995
0.303535
-1.02463
0.28709
0.222346
0.196125
0.568597
-0.0792131
-0.962651
-3.07026
-0.450683
-0.0366289
0.278429
0.0991259
-0.532216
0.188288
-0.114986
0.410278
0.0735957
-0.807716
-1.40832
-1.59121
0.518393
-0.0667522
1.3309
0.953912
0.0287087
0.110352
-0.148385
-0.791933
-0.61377
-0.835543
0.186231
-0.37154
-1.96848
-1.23229
-0.666201
0.207785
-0.58967
-0.0228821
-1.40539
-2.79671
-0.717844
0.645938
0.100678
-0.292563
0.0585865
0.375712
-0.838778
2.78213
0.00753263
0.781233
-0.765302
-0.0374965
1.19041
-0.0820101
-1.16839
1.53176
-0.0819381
0.791268
1.42812
-0.0497595
-0.301222
1.20825
-0.730203
0.811557
-0.931335
0.226598
0.967479
0.0685436
0.173494
-0.112121
-1.19181
0.580143
-1.27391
-0.44899
-0.151958
0.20251
-0.435868
0.947317
0.00208633
-0.258695
0.202692
-0.00162439
-1.96768
0.273686
-0.321339
-0.0361846
1.3068
1.00722
0.0219009
0.126561
-0.540496
0.508514
0.158158
-0.196781
1.69451
1.89412
-0.595548
0.0929809
0.282151
0.565173
0.696784
-0.0123878
-0.26626
1.14437
1.18219
0.0391603
0.644568
-0.377098
0.26722
0.130566
-0.969414
-2.08064
-0.298551
0.715079
-1.18913
-0.36327
-0.330085
0.0442497
-0.877573
0.820677
0.368868
-0.411362
1.84915
0.675447
0.35547
0.0365874
0.642498
1.69869
-1.19877
0.438331
0.701453
-0.32283
-0.0977562
-0.0950856
-0.787826
0.1327
0.342844
0.618414
-1.13067
-0.331823
0.257288
1.13003
0.236745
3.12739
-0.158337
0.100983
0.561687
0.0216285
-0.672363
0.0271273
-0.830289
0.145886
0.682617
-0.823546
-0.223127
0.653669
-0.836623
0.0914072
-0.336689
-0.841295
0.769111
-0.250452
-0.393383
-0.79322
0.110879
-0.0619271
1.5347
1.21161
0.8824
-0.534196
-0.958212
0.439866
-0.262164
-0.732985
-1.15952
0.200243
-0.649097
-0.714359
-0.165773
-1.01076
-0.398464
0.0345282
-0.399587
0.434223
0.987802
0.102484
1.40703
0.388386
0.910701
0.619649
0.317796
4.31791
-0.425237
-0.117754
0.857733
1.28545
-0.450198
-0.0257576
-0.234641
0.818685
-0.275844
0.0197857
-1.13386
0.330924
0.373128
0.329638
-0.901171
2.72815
-0.416492
-1.10749
-1.18633
0.842097
1.64624
0.0242923
-0.136408
1.26586
1.05254
0.0946038
0.244891
1.67431
-0.170119
-1.27174
0.115579
-0.176886
-0.611137
0.792604
0.877517
0.244567
0.0760984
-0.0801479
0.427865
0.18923
-0.507546
0.506732
-0.748819
-0.356644
-0.18517
0.420318
0.413439
2.19973
-1.78868
-0.483108
0.011579
-0.117387
-0.191346
-0.0283564
-2.18037
0.0906941
0.576845
-0.323092
0.676219
0.0529119
1.04876
-1.0637
1.56591
0.868919
-0.862951
-0.643032
0.344291
0.141931
-1.45702
-0.0873424
0.34343
0.825447
-0.0570915
-0.521041
0.938008
-0.548141
-0.164647
0.191218
-1.57018
0.272088
-1.54252
1.07914
-1.19391
0.155588
0.503185
-0.105702
-1.00235
0.772084
-0.334024
-0.778674
0.954779
-0.157774
-0.631256
0.126639
-0.0934612
-1.92712
0.640316
0.461401
-0.184487
-1.37851
1.59985
0.00372057
1.8869
0.102552
-0.712553
-0.456854
-0.168721
0.939298
1.1346
0.577514
-1.28462
-0.156625
-0.0764041
0.0873305
0.205447
4.18937e-05
0.315859
-0.0195953
-0.0325638
1.06695
1.00026
0.325821
-1.02621
-0.0388481
0.655784
-1.23091
-0.628072
-0.707688
-0.726325
0.0491947
1.09663
-2.19922
2.1328
0.0155254
-0.677985
-1.977
0.162375
-0.820734
0.100033
-1.2607
-0.610075
0.318685
0.0981434
-1.29838
1.23917
0.917846
-0.347172
0.235387
-0.947571
-0.0124519
2.55866
1.20626
0.661058
0.712765
-2.00228
1.19194
0.702535
-0.589338
-0.422898
-0.206675
0.394313
0.0777272
0.0974052
0.460641
0.981145
0.0110233
0.284886
0.772211
0.142066
-0.452321
0.525564
1.39111
0.330402
-0.526982
-0.163104
0.0683059
1.24207
0.0329565
0.598121
-0.477276
0.632869
-0.0444462
-0.459387
2.05255
0.299579
-0.549232
0.463358
0.368447
-1.16351
-0.0468276
0.0336145
-0.840424
0.0657338
-0.518736
-1.75589
-0.957839
0.286021
-0.0269001
0.923388
0.951581
-0.179009
-0.626923
0.19621
-0.889278
-0.188388
-0.804775
-1.21699
-0.474352
-0.32143
-0.356449
0.833722
-0.225902
0.611005
0.00199009
-0.636864
1.07695
-2.20218
0.0497164
-0.0236484
0.245739
0.0196433
-1.62793
1.77155
1.51217
-2.64595
-0.507343
0.339143
-0.161545
-0.5277
-0.105465
-2.09809
-0.592742
-0.0785896
