-0.500553
0.362026
-1.16567
0.369252
-0.977859
0.606127
-0.52524
0.673318
-0.263866
0.0661557
1.26686
-1.06678
-0.0936887
-1.0997
0.349932
-0.459306
-1.03894
-1.2421
0.38753
-0.260936
-0.558
-0.167453
-0.430825
-0.997071
-0.335937
0.461487
-0.33191
-0.856033
-0.00336962
-1.07087
-0.0418229
-0.263523
3.30934
-2.93382
0.00778292
2.11376
0.215036
-0.394414
0.361206
0.295944
0.89818
-1.21175
0.0877359
0.331426
-0.0814477
0.967274
1.42457
1.5262
0.216477
1.07102
0.187399
-1.81846
0.253954
-1.15204
-1.30342
-0.870223
0.184618
-0.455341
-2.92405
0.0327824
0.0174204
0.999968
0.670864
-0.278821
-0.416271
-0.803386
-0.117364
-0.853699
0.522446
-0.615241
0.508374
-1.40029
-0.310059
0.602923
-0.943593
0.465212
-0.037055
-1.28561
0.0468745
-0.488637
-0.159538
0.883207
-0.0717249
0.283499
0.352965
0.355612
1.00715
-0.0740383
-0.48971
0.521406
-1.46759
-0.484125
-0.0730331
-1.49896
-4.59064
0.182783
-0.0887535
-0.959632
0.601895
-1.43651
0.257032
-0.481353
-0.307448
-1.21958
1.74762
-3.35684
-0.0549688
0.572984
-0.00477014
1.40596
1.85068
0.523625
0.137121
-1.15371
-0.118025
0.663765
0.327382
0.33157
0.291558
-0.403817
-0.767294
-0.937498
-0.0584408
-1.90831
0.0133406
-1.88672
-0.649661
-0.332303
-0.763142
-0.0496052
-0.0921011
-0.828543
-0.462552
-0.865567
1.14385
0.391734
1.18097
-0.331749
-0.633715
-0.921698
-0.00335149
-1.19971
-0.522041
-0.109698
1.77595
1.83436
0.41908
-0.076208
-0.0918815
-1.31676
-0.554679
0.587689
3.07133
0.871503
0.308924
0.950062
-0.0764854
0.59882
1.16806
-2.89908
-0.659126
0.987558
-0.325252
-0.328104
1.40254
-1.00902
0.0809282
-0.79432
-0.723288
-0.883039
1.533
0.262091
-0.0446353
1.8723
1.13359
0.476102
-0.14402
-1.37148
-0.246439
0.690576
0.963064
1.51978
-0.452454
0.618423
1.3574
-2.38336
0.707965
0.0329273
-0.0878817
1.16932
1.74009
3.05209
0.269168
1.16705
1.18571
1.60343
0.4659
-3.75749
-0.101799
0.0279402
1.22299
0.189863
-2.04658
0.182851
-0.10024
-0.880888
1.26635
-0.0920854
0.165408
1.84836
1.30617
-1.13058
-0.88583
2.06529
-0.00477841
0.39319
2.74447
1.08583
-0.236876
0.211038
0.0260834
-0.48625
0.89883
0.648037
1.29655
-1.77835
0.485374
0.565455
-0.170221
0.861061
-0.787617
0.406648
0.0102196
-0.639874
0.0388352
-0.864532
-0.0435616
-0.350734
0.407302
1.18827
-0.450905
-1.32354
-0.461742
0.310187
-0.114669
-0.644065
-0.60204
-1.13288
1.16933
-0.901667
0.273689
1.48144
-0.0716917
1.77976
2.60577
-0.0914615
1.68747
-0.902173
1.24157
1.4785
0.82859
-3.25748
1.92467
0.0646854
-2.85984
2.257
-1.85271
0.706969
-0.0010496
0.43912
1.63023
2.33998
0.0950691
1.4315
0.844478
-0.168377
0.124164
1.67296
-0.986353
0.636512
0.420878
2.0256
1.87487
0.162835
-0.0346779
0.624122
0.635334
-1.00793
1.26813
-0.461023
0.416965
1.86856
0.403545
-0.982606
-3.38803
0.715497
-3.04407
1.99496
1.74308
1.19209
0.00692765
0.251864
1.1769
3.19231
-0.867982
2.19047
-0.177225
0.968376
1.96306
-0.228587
2.51697
-0.56341
1.70485
-0.0899633
-1.20278
1.03197
-0.0850545
1.11848
3.5563
-2.2861
-0.959836
-0.891507
-1.24717
1.0516
0.445064
0.703474
0.750362
-0.0440727
-0.540282
0.858078
-1.0536
-0.972116
0.0118977
-1.02665
-2.42993
-0.824177
0.449281
0.430155
0.87154
-0.22244
-0.287329
2.88574
-1.41245
0.716036
-1.55746
2.02607
-1.40561
-0.6197
-0.0497143
1.67875
1.18232
0.673787
0.0596808
2.47615
-0.254348
0.79216
0.380568
-2.16617
1.70191
0.168296
3.55871
1.2069
1.61683
-0.116737
-0.0151282
-0.266263
2.8119
0.267339
-1.56304
0.924368
-0.554383
-1.82439
-0.117164
-1.92667
-1.52515
-1.54872
0.20958
-0.434333
-0.411169
-0.244989
0.00834214
1.12436
2.83695
-0.0396188
0.128148
-0.384131
-0.343242
-0.723735
0.600426
-0.564233
-1.32341
0.246253
0.388484
-0.80958
0.198697
0.170098
-0.0946674
-0.0532601
-0.0649476
1.12525
-0.740667
-0.1432
-0.942156
-0.262808
-0.355131
-1.1632
2.01914
-1.82008
-1.47066
1.84434
2.84013
0.771714
0.013799
-1.25629
1.81247
-0.198773
0.369691
1.25845
-0.466517
0.117091
-0.669587
-0.96927
0.939436
-1.20708
-0.184334
0.15207
0.548707
0.641381
-0.0723483
2.04646
1.65587
0.275037
0.23521
-1.66528
-0.783951
0.994404
0.00012208
-1.20691
-0.706989
0.344982
-0.931276
0.280632
-0.0196431
-0.244048
-0.0300101
0.875767
0.664914
0.54871
-0.330399
-1.57415
-0.607049
-0.53953
-2.08777
-0.0805773
0.127356
-0.00120791
0.0866316
-1.10323
-1.30655
-0.691514
0.0511314
-0.121565
-1.72182
-0.661112
0.806563
0.611551
1.11169
-0.562838
1.37828
-0.993756
0.129002
0.0752258
0.0950846
-1.70562
0.894814
-1.04319
-0.0550328
2.82588
0.601195
-0.60062
1.10716
-0.266002
-0.494591
2.61678
1.24912
-3.14269
-0.470306
0.952934
3.38142
-0.681505
-0.395763
-0.11351
-0.0371039
1.87485
1.58959
-2.08732
-0.239733
1.11041
0.176168
-0.626786
-0.600203
-0.341308
-0.211568
-0.0905268
-1.51713
0.00671319
-0.478543
-1.02697
-0.0929956
-2.07645
-1.49599
-0.655686
