-0.327254
-1.1434
-2.3788
-0.0535365
-0.717058
-1.02966
-0.349289
-0.233717
-0.468429
-0.00739275
0.879115
-1.39918
-0.76881
-0.804284
-0.13685
0.518615
0.70667
1.59237
-0.791849
-0.0822236
0.0552558
-0.411224
1.0064
0.191232
-0.994297
1.25967
-0.261895
0.210637
-0.203452
0.042331
-2.43173
1.14522
0.317432
0.365615
0.216142
-0.0709881
-1.18406
0.0342255
0.704556
-0.113538
-0.389044
-0.200578
-0.503233
0.0930537
0.528121
-0.247224
-2.46355
0.731003
-0.0312497
0.398925
1.69452
-0.088473
0.469017
-1.58284
-0.857633
-0.249128
1.51103
0.0720894
-0.519905
-0.113424
-0.612215
-1.4134
0.69596
-0.882831
-0.858245
2.32282
-0.749154
0.0460656
-0.301241
0.114502
0.085606
-0.0118995
0.804536
0.321345
-0.213991
1.87292
1.0363
0.377413
-1.1703
0.742613
0.616737
-4.04067
-1.38685
0.0500118
-1.10666
-1.42562
-0.392853
0.400748
0.165676
-0.00102295
-0.475617
-2.42831
-0.268685
0.573608
0.0901732
-0.438324
-0.0623186
0.93422
2.14325
-0.0999912
0.0200811
-0.0460169
-1.01968
-0.0503638
1.06624
-0.107096
-0.296022
1.0026
-0.972718
-1.79895
-0.00202228
-0.540431
-0.696495
-0.924935
-1.34547
0.0116332
1.01193
-0.620016
-0.273716
-0.743048
-2.40362
0.0650021
0.472927
-2.31892
-0.134678
-0.395761
-0.787367
-0.00929204
0.0341672
0.969405
-0.64889
-0.0582856
1.26564
-1.17481
-0.419527
0.580585
0.647954
0.106603
-1.79126
-0.923588
0.598517
0.747478
0.080172
0.141722
-1.33953
0.540945
-0.131257
0.0473858
0.104439
-0.144489
0.822698
0.094685
-0.647028
-0.613659
-0.877164
0.472418
-0.146972
0.330096
0.692069
-0.60053
-0.200774
0.826362
0.980258
0.027217
0.336033
-0.0502235
-1.86818
-0.574197
0.367143
-2.61706
-0.195732
0.348754
0.443532
-1.31049
0.486393
-0.926005
1.30647
0.762271
0.619285
0.0344402
0.41927
0.448343
-0.256956
-0.588282
-1.0607
1.15684
0.514035
-0.0577421
-0.14733
0.266199
-0.206861
-0.533
1.02351
0.729157
-0.444078
-0.0479917
-1.16167
-1.36203
-2.37721
0.0708228
-0.741821
-1.20876
-2.78092
-0.192343
-0.860996
-1.28118
0.882258
0.488482
-0.0596829
0.223365
-0.0361666
0.0712911
-0.691957
-0.955656
-0.145642
0.375537
-0.189816
-0.7332
1.62528
-0.119767
-1.05353
-0.310763
1.08535
-0.588231
0.692327
0.125737
-0.530963
-0.086123
-1.00623
-0.28208
0.164154
-0.34251
-1.06053
0.9083
-0.192104
0.597072
0.164543
0.627018
-1.13886
0.506041
-0.109893
1.19387
2.39784
0.00821585
0.685548
-0.911261
-0.380854
-0.160015
1.10191
-0.0231688
-0.666188
0.05085
-0.199078
-0.324042
-0.0684409
-0.246064
0.116511
0.234493
0.283128
0.00122142
0.19237
-1.90014
-0.392033
-1.13042
0.417893
0.00961062
-1.42376
-0.0560139
1.39496
0.259018
-1.03286
0.575473
-0.433147
0.650585
-0.399861
-0.0444241
0.394825
1.09465
1.6682
-0.0893389
-0.98442
3.153
0.380816
0.390204
0.201152
-0.0739019
0.505956
0.724235
0.706309
0.73649
-0.815437
0.0160326
1.00356
0.607439
0.145874
-1.58518
-0.494727
-0.0732035
-1.21515
0.195171
0.667409
-0.407698
-0.601132
0.489839
-0.679887
0.238033
0.53763
-0.0581094
-0.0946001
-0.280599
1.37316
0.890805
0.851497
-1.15462
1.31075
-0.576826
-0.195541
0.949561
0.944779
-0.931479
-0.249274
-2.43387
-1.45452
0.101979
-0.0510952
-0.692787
-0.967037
-0.950261
-1.80607
-0.940065
1.04421
0.550566
0.0403306
0.261908
-0.0293538
0.469325
0.475194
0.59956
0.634402
-0.0811944
-1.1923
-0.705954
1.34924
-1.24166
-1.7268
2.5295
1.63659
-1.15733
0.335431
-0.689217
0.13424
0.363707
-0.851492
0.49281
-1.20334
0.021858
-0.277833
0.0374693
-0.87623
1.82992
1.42172
0.0804568
-0.331928
-0.521108
-0.359306
-1.07606
0.59249
0.180925
0.0451155
1.38698
2.62275
-0.0602669
1.10899
-0.644278
-0.266643
-0.395718
1.5026
-0.760917
-0.665061
0.258189
-0.559859
-1.06019
0.929809
-0.186329
-0.922033
0.962534
-0.453175
-0.079996
-0.426562
-0.0383151
1.36064
1.20428
-0.325646
-0.517389
-0.193938
0.227138
-0.678748
0.0339663
-0.615724
0.439808
0.297049
0.964185
-1.13901
0.0181106
-0.0263992
-0.841462
1.89479
-0.16548
0.98297
0.953898
-0.511075
-1.52607
-0.513575
0.47432
0.0117632
-0.0946332
0.706836
1.32571
2.1288
-0.0623285
-0.683835
0.970123
-0.916547
-0.37943
1.50426
0.374984
-0.642009
-0.392204
-1.24845
-0.660872
0.945596
-1.02665
-0.384555
1.14826
-0.0584501
-0.110544
0.0877631
0.0366176
0.538592
0.461667
-0.747085
-0.501632
-0.69252
-0.364164
0.507959
0.263842
-1.65222
-0.227876
-0.575813
0.300158
-0.179575
0.00377254
0.638991
-0.960648
-0.273391
-0.77861
-0.10496
-0.315785
-0.144079
0.593763
0.216808
1.73207
-0.116917
0.494234
-0.389267
0.0396975
1.97075
0.00718067
0.318085
0.365259
-1.34902
0.93523
0.865457
-0.9464
0.0530251
0.151808
-0.81103
1.64913
0.766301
-0.718573
-1.04283
0.85768
0.63177
-0.0545465
-0.375484
-0.431596
0.423472
0.271884
-0.831789
-2.0357
-1.9304
-1.01735
-0.694698
-0.582809
0.294668
-0.155141
0.304972
-1.13221
-2.04124
-0.0710931
0.36186
0.512196
-0.213372
0.134765
-0.609947
2.55134
0.208862
0.715084
-0.0872358
-0.216596
0.365104
-0.157888
