-1.24258
-2.31062
-1.37881
-0.0355286
-1.5899
-1.23899
0.292999
-0.0309728
-0.564945
1.62412
-1.20519
-0.745385
-1.52558
0.489331
0.158431
-0.0289551
0.486642
-1.50657
-0.092318
-0.0672005
-1.87359
0.758638
0.576105
0.295612
-1.30345
-0.0747567
1.59731
-2.36243
0.0585385
-0.0076583
-1.16784
1.37265
0.942105
-0.850742
-0.0246549
0.085878
0.774577
0.810362
-1.33621
0.900267
1.46292
-0.093157
0.525786
-1.35744
1.89133
0.390742
-3.48861
1.60058
0.294061
0.0745951
1.52738
0.0151255
0.264889
-0.483577
-0.823603
-0.887834
1.08281
-0.156152
1.27958
1.74269
0.209899
-0.276925
0.339441
-0.646708
-1.46536
-1.01815
-1.76509
-0.0866614
-0.668582
0.067159
1.79157
-0.119188
-3.33051
2.93445
0.868593
1.41529
0.665587
-0.0773397
-1.83994
-0.0658605
-0.180282
-0.279507
-0.819415
-0.0512525
-1.22861
-1.30543
-0.492052
-0.360273
0.768774
-0.615857
-0.642321
-0.340652
-0.155733
-0.451297
0.35613
-0.349557
1.05174
-0.70501
1.51941
-0.038335
0.274018
0.361757
-2.3628
-0.199922
-0.215053
0.242794
-0.671772
-0.833932
-0.122499
1.37636
1.30332
-0.275856
-0.0481428
-0.939306
-0.942168
0.0795913
-0.477168
-1.65179
-0.498531
-0.449357
-0.332879
-0.61347
0.0734938
0.667715
0.35006
-0.7132
-0.140012
-0.55396
0.35137
-2.07804
-1.71385
0.0492057
-0.0931045
1.25738
-2.29156
2.15295
-2.41051
-0.684275
-1.16936
-1.26884
1.05606
1.05529
1.234
0.994278
-2.51358
-1.5723
-0.208606
-0.0384197
-0.714135
0.162813
0.877336
1.89833
1.40502
0.267874
-0.527694
-1.28156
1.00352
-0.67094
2.38157
0.833846
-0.995469
-0.836053
1.2125
-0.0722447
-0.961814
-1.60562
-0.451804
0.181329
-0.54926
-0.317907
0.13384
-0.810348
-0.868441
1.03074
0.0933591
0.565832
3.11072
-2.10493
-0.53739
-0.0130781
-1.32846
-1.228
-1.75511
1.82619
1.44167
-0.936023
2.22732
0.699762
-0.273142
-0.36659
0.744655
-0.579998
0.975937
-1.83637
-0.999021
-0.033063
1.22595
1.70984
0.7931
1.37834
1.62226
-1.37704
-1.67989
-0.135178
0.907626
0.143081
1.06835
1.82847
0.0564832
-0.461227
-0.0811799
-0.0737523
0.517099
0.631704
0.473738
1.72415
1.45628
0.925962
1.70788
-1.20033
-1.60964
0.859132
2.31798
-0.449109
1.81475
-0.706115
-0.36409
0.0112625
-0.199265
1.5935
-0.483383
0.345809
0.623527
-1.62521
1.91861
-2.0428
-1.09084
0.818168
-1.21159
2.83063
-0.270955
-2.36841
2.20291
0.048535
1.20062
1.35334
0.00558538
-1.16096
1.32797
0.174536
0.97752
0.438161
-0.412838
-0.197846
-0.183694
-0.630062
0.883449
-1.03509
-0.799539
0.0573356
0.440791
1.17032
0.352505
-1.87091
1.02854
-0.0184929
-1.18946
1.02338
0.953692
0.0301154
-1.45411
-0.087197
-1.17432
-3.12045
0.893096
0.0221031
-1.5731
-2.27815
2.55464
1.3361
0.448719
-0.358933
1.93928
-1.68728
-0.285117
0.337228
1.67993
0.623269
3.70627
-2.08865
0.181872
-0.0722726
-1.09608
-3.06695
0.355497
-2.93188
1.78152
-1.81587
0.279351
0.561604
1.30303
0.269011
-0.912968
1.28193
-0.975524
-0.199024
-0.816381
0.0528329
0.324241
0.69637
0.125508
0.135023
0.531329
0.859084
0.00811365
0.475465
-0.339883
0.351739
1.15504
-0.382822
-0.783557
-0.692736
-2.305
-0.0789458
-0.0687906
-0.773009
0.259642
-0.411336
2.3804
1.15444
-0.782031
0.1604
0.0765723
-1.29554
0.438227
-0.133112
0.993179
-1.17531
1.1857
0.0336096
1.44315
1.20453
3.64852
-2.35394
0.298977
-1.78194
2.756
-0.0235748
1.08699
1.91121
0.153394
0.396528
-0.53301
-1.74999
-0.410277
-0.0484414
-0.932414
-1.43833
0.396618
1.47271
2.96982
0.205198
-1.36163
0.113308
-0.918398
0.321259
2.08522
-0.414395
-0.365494
-3.00245
1.51743
0.062604
-0.238557
0.235342
-0.959691
-0.597043
-0.064683
-1.14443
0.964527
0.218558
-0.272175
-0.330106
0.115094
0.379895
-0.0426577
-2.13146
-0.685905
-0.0961687
1.63846
0.452599
0.55316
0.563753
1.5944
-0.318378
0.828077
-0.102386
0.217058
1.81812
0.230846
0.392642
-0.740212
-0.718641
-0.847947
-0.0775348
2.0153
1.4878
-0.0163277
-1.54653
-1.67671
2.79813
-0.0377393
2.81938
-0.475695
-1.6217
-0.645173
-0.554755
0.402793
-4.42271
1.72557
0.00557874
0.0854828
-2.60036
-1.34869
0.285161
0.555178
-1.38515
0.298203
1.24052
-0.224952
-0.603168
0.255139
-1.83187
-0.102945
-2.0901
0.264608
0.0327958
1.08008
-0.0943119
-0.0292126
1.99086
1.43923
-0.892906
0.4986
1.3826
2.86904
0.661129
-1.96903
1.69145
0.6147
-1.60325
-0.413122
0.0790634
0.0741243
-0.194974
0.928225
-0.737559
-0.371603
-0.834995
0.722555
-1.01057
2.10997
0.942144
-0.220581
-0.479806
0.424034
-0.977991
0.895504
0.0545363
0.144625
1.06197
-3.12851
1.20566
0.551531
-1.64676
0.594715
0.314572
-0.86031
0.790613
-0.124836
0.0249857
-2.53509
-1.3526
0.437818
0.0275135
1.23071
0.653369
0.270813
3.22293
1.46765
-0.478264
-0.719912
2.24146
2.77538
0.230432
0.872424
1.81053
-1.35783
-0.745284
-2.37572
0.0364865
0.05245
1.70848
-0.154742
-1.06902
-0.412686
-0.60854
-1.08056
-4.81686
-0.986162
0.146503
0.320075
0.038383
