-0.459306
-0.327254
-0.0546838
-1.087
0.256314
-0.763553
0.209902
0.128156
-0.0788874
-0.260344
-0.349058
-0.759878
-0.01491
-0.31489
-0.44711
-1.24258
-0.263523
0.70667
0.488438
0.148253
0.863825
-0.348725
0.187102
0.441372
-0.373627
0.0307979
0.13826
0.351488
-0.181972
-0.0920707
0.813324
0.486642
1.5262
0.317432
0.763887
0.539022
1.07811
0.429903
0.318318
0.248027
0.921177
0.132553
0.869695
0.982108
1.73801
0.360342
0.322428
0.942105
-0.278821
-0.0312497
0.299186
0.287273
-0.65027
-1.02207
0.103523
-0.211665
0.0557091
1.00464
-0.130915
0.205352
0.598299
-0.0749306
-0.289986
0.294061
-0.488637
-0.858245
-0.00631157
-0.557703
-0.429208
0.547941
0.665155
-0.481127
-0.4495
0.0319183
-0.373901
-0.550312
-0.185789
-0.100693
-0.544754
-1.46536
0.182783
0.616737
-0.450683
-0.602926
0.0564437
-0.455542
-0.562628
-0.529116
-0.467144
0.18988
-0.0677117
0.0384867
-0.47896
-0.67053
0.259045
-0.180282
0.523625
-0.0623186
0.0287087
0.294717
0.104344
-0.15088
0.399407
-0.662439
0.294455
0.770213
-0.744645
0.107082
0.425375
-0.669498
0.988364
1.05174
-0.332303
-0.696495
-0.717844
-0.811181
0.137923
-0.294321
-0.147211
0.1612
0.139376
0.275345
-0.529693
-0.700026
-0.988913
-0.487036
-1.44387
-0.0481428
-0.109698
0.0341672
-0.0819381
-0.206339
0.0781785
-0.529698
-0.541306
-0.647416
-1.04731
-0.440253
-0.350645
-0.326468
-0.330269
-0.440226
0.187767
0.35137
-2.89908
-1.33953
-1.27391
-1.80218
-1.19098
-0.739363
-0.56371
-1.37755
-1.16743
-0.827501
-0.840599
-0.872918
-1.72231
-1.94437
-1.41692
-2.51358
0.476102
-0.200774
0.0219009
-0.246924
0.394963
0.535148
-0.686461
-1.00752
0.589285
0.431384
0.0417966
-0.441769
0.350251
0.993565
-0.561581
-0.995469
3.05209
1.30647
1.18219
2.26966
0.8299
1.12195
0.791115
1.49918
1.42639
0.395897
0.285796
1.91914
1.47508
1.09574
1.71288
3.11072
-0.0920854
1.02351
0.368868
0.247941
0.28502
-0.0829336
-0.317857
0.917558
0.0686522
0.075934
0.0787943
-0.0517613
0.426437
0.462904
0.608096
0.975937
0.648037
-0.0596829
0.342844
-0.0883514
0.093583
0.0671865
-0.315348
-0.00280508
-0.0306112
-0.48229
0.0563084
-0.318038
0.404918
-0.0330174
0.109103
0.0564832
1.18827
0.692327
0.682617
0.813377
0.145265
-0.351861
0.190711
1.51108
0.519494
0.0809816
0.434556
1.63162
0.575891
0.136625
1.59617
1.81475
-0.0914615
-0.109893
0.8824
-0.0987919
-0.150078
-0.302967
-0.0880931
-0.21365
0.00377519
-0.0886937
0.939641
0.225864
-0.0523794
0.42317
0.398009
-0.270955
2.33998
0.116511
0.987802
0.848743
1.0726
0.45496
0.153441
0.373132
0.536993
-0.0262748
0.621525
0.269747
0.634447
0.700637
0.34434
0.883449
-1.00793
-0.433147
-0.275844
-0.187106
-0.247553
-0.258158
-0.155609
-0.555813
-0.464729
-0.618639
-0.28207
-0.488024
-0.923185
-0.895821
-0.892811
-1.17432
3.19231
0.706309
1.05254
1.46441
1.64543
0.236355
0.847007
1.21489
1.1107
0.725706
0.832984
1.4604
1.63169
0.915238
1.41224
3.70627
-2.2861
-0.679887
-0.507546
-0.475813
-0.970314
0.295001
-0.734931
-0.285905
-0.979179
-0.486023
-0.0384497
-1.58162
-0.778842
-0.608426
-1.90392
-0.975524
-0.824177
-0.249274
0.576845
0.0955722
-0.908511
-0.493553
-0.423489
0.0242807
0.662908
-0.0291091
-0.138084
-0.583223
-0.0285313
0.037939
0.0542326
-0.783557
0.673787
0.475194
-0.0570915
1.22643
0.142602
-0.0202521
0.245118
0.639546
-0.00442328
0.490952
0.365513
0.617635
0.877092
0.113256
-0.115814
0.993179
0.267339
-0.851492
-0.334024
-0.642029
-0.0793449
-0.93539
-0.24465
-1.04932
-0.816459
-0.863026
-0.395625
-1.02664
-1.05439
-0.716937
-0.564756
-0.53301
-0.0396188
0.0451155
-0.712553
0.236063
-0.2301
-0.188984
0.132879
-0.366192
0.0492627
-0.138418
0.372698
-0.443736
0.907762
0.0224467
-0.104304
-0.365494
1.12525
-0.922033
1.00026
0.332662
0.480952
-0.472906
0.512006
0.925267
0.0462266
-0.272009
0.586338
-0.652781
0.176626
-0.0428521
-0.371865
-0.0426577
-0.198773
0.297049
0.162375
-0.652218
-0.533856
0.225054
-0.479682
-0.170213
-0.408169
-0.354486
-0.309553
0.353331
-0.406462
0.0150619
-0.403582
-0.740212
0.275037
0.706836
0.661058
-0.496226
0.375684
0.198337
-0.319018
0.348948
0.227168
-0.373031
0.85305
0.45751
0.0865577
-0.106708
1.04524
0.402793
0.54871
-0.384555
0.142066
0.088425
0.00176389
-0.807191
-0.177487
1.28325
-0.247426
0.0553161
-0.120657
0.355058
0.84711
-0.0464792
1.06268
-0.102945
-0.661112
-0.575813
0.299579
0.110548
-0.122275
0.15091
-0.0563929
-0.18012
0.163763
-0.639201
0.306435
-0.995666
0.344319
0.582752
0.821582
0.6147
-0.60062
-0.389267
-0.179009
-0.121573
-0.144584
0.504463
0.610449
0.238943
0.225437
0.183287
-0.307211
-0.555004
-0.0820653
-0.183449
0.463993
0.424034
-2.08732
-1.04283
-2.20218
-1.09101
-0.514142
-0.380575
-0.376964
-0.256521
-1.01339
-0.656576
-1.08106
-0.918377
-0.234798
-0.33698
-1.46722
-2.53509
-0.655686
0.304972
-0.0785896
-0.349084
-0.424085
-0.142685
0.221783
-1.25441
0.238566
-0.598949
0.596849
-0.0133771
-0.726668
-0.475289
-0.0385501
-1.35783
