-0.0936887
-0.0535365
-0.0328451
-0.0602879
0.00365421
-0.0221331
-0.0808822
0.0525379
-0.0844513
-0.0982983
-0.0900081
-0.0436449
-0.0971979
0.039398
0.0237381
-0.0355286
-0.00336962
-0.0822236
-0.0346584
-0.0631024
0.0284209
-0.00759398
0.0311183
0.0661529
0.038773
0.0508486
0.0206103
-0.0214799
-0.0989508
-0.0075968
-0.0274039
-0.0672005
-0.0814477
-0.0709881
-0.0764981
-0.0580686
-0.0761101
0.0750618
0.0758189
-0.061382
0.0534923
-0.0861539
-0.0194354
-0.0406941
0.0156742
-0.0471529
-0.057214
0.085878
0.0174204
-0.088473
-0.0687728
-0.0232006
0.00329482
-0.0202642
-0.00239092
0.0221598
0.0344736
0.0154927
-0.00789262
-0.0122026
0.00999392
0.0497694
0.0286225
0.0151255
-0.037055
0.0460656
-0.0158965
-0.0547649
0.0545033
-0.0113014
0.0682591
-0.0469955
0.0544963
0.0596487
-0.0719554
-0.103978
0.0256376
-0.0753405
-0.0991298
-0.0866614
-0.0730331
0.0500118
-0.0792131
0.0430638
-0.0596577
-0.0241731
-0.0697353
-0.0279755
-0.0174247
-0.103175
-0.0662199
0.0422175
0.00362741
-0.0147532
0.0315069
-0.0512525
-0.00477014
-0.0999912
-0.0667522
-0.0413435
0.0127632
0.00838033
-0.0495182
-0.0933955
-0.0131936
-0.0856042
-0.0679279
0.0094061
-0.0309251
0.0464362
0.0734934
-0.038335
0.0133406
0.0116332
-0.0228821
-0.0939975
-0.0286584
0.0810156
-0.050423
-0.0653752
-0.0743942
-0.0651352
-0.0258687
0.00866078
-0.0974949
-0.093141
-0.0109213
0.0795913
-0.00335149
-0.0582856
-0.0820101
0.0054427
-0.0329948
-0.0446384
0.0308728
0.0449552
-0.109106
0.00304678
-0.006502
-0.033775
-0.0371885
-0.0457209
-0.063401
0.0492057
-0.0764854
0.0473858
-0.112121
-0.0745373
-0.0571647
-0.032232
-0.0615248
-0.0267563
-0.0464789
-0.043466
0.00269413
0.0473607
0.0145061
-0.0687745
0.0681865
-0.0384197
-0.0446353
0.027217
-0.0361846
-0.0827398
-0.0346715
-0.0175584
-0.0351118
0.0157185
0.0117248
0.0258115
0.0185868
0.0102099
0.0939702
-0.0730172
0.00810358
-0.0722447
-0.0878817
0.0344402
-0.0123878
-0.0362435
-0.0509142
0.00571902
-0.0797364
0.0679468
0.0187974
-0.0766654
-0.093104
-0.105895
-0.0261103
-0.0641676
-0.0550294
-0.0130781
-0.10024
-0.0479917
0.0442497
-0.0612623
-0.0225377
0.0226278
0.0514452
-0.0571398
-0.0373265
-0.00545245
-0.00556059
-0.0155334
0.062639
0.0531279
-0.109016
-0.033063
0.0260834
0.0712911
-0.0950856
-0.0392623
-0.0848069
-0.0415793
0.00976595
-0.034655
0.00707229
0.0441494
0.0368108
0.0391377
-0.020629
0.0278628
-0.0824509
-0.0737523
-0.0435616
-0.086123
0.0271273
-0.0770069
-0.0463311
-0.0820829
-0.0202983
-0.00873249
-0.0221021
-0.099725
-0.0184952
0.037346
0.00866894
0.00542384
0.0809951
0.0112625
-0.0716917
0.00821585
-0.0619271
-0.0427547
-0.0687338
-0.0862234
0.0431192
0.00798191
-0.0940275
-0.0510834
0.0297251
-0.0973354
-0.0580528
-0.112934
0.0702055
0.048535
-0.0010496
0.00122142
0.0345282
0.0511019
-0.0964454
0.014553
-0.0833945
0.056327
-0.108368
-0.0803335
-0.0705663
-0.110155
-0.0441116
-0.00954489
-0.0608688
0.0573356
-0.0346779
-0.0444241
-0.0257576
0.0356075
0.043352
0.0558199
0.0670102
-0.078923
-0.11839
0.0603804
0.0106482
-0.0737629
-0.0971935
-0.0500144
-0.0508917
0.0221031
0.00692765
0.0160326
0.0242923
0.00231488
-0.0110963
0.0366594
-0.0399797
0.0729925
-0.0558423
0.0756039
-0.0742465
-0.0727529
0.112689
0.0285751
-0.0474991
-0.0722726
-0.0850545
-0.0581094
-0.0801479
-0.0545493
-0.0534153
0.021479
0.00144868
-0.0834786
-0.0884395
-0.0454695
-0.0862693
-0.101613
-0.0361875
-0.0701867
-0.0713044
0.0528329
0.0118977
0.101979
-0.0283564
-0.0157141
0.0391196
0.0471174
-0.0121914
-0.107806
0.0345544
0.0514515
0.0486129
0.0224955
-0.00858716
-0.0644144
-0.0251617
-0.0789458
-0.0497143
-0.0811944
-0.0873424
0.0251602
-0.0222009
-0.030841
-0.0261759
-0.0829874
-0.0144549
0.036036
-0.106849
-0.0890363
0.0180695
0.0406116
-0.0983397
0.0336096
-0.0151282
0.021858
-0.105702
-0.0310751
0.0136546
0.00887537
0.0570818
0.0234717
0.0659428
0.0115186
0.0507094
0.0277847
0.0124139
0.00718191
-0.0297907
-0.0484414
0.00834214
-0.0602669
0.00372057
0.00699299
-0.053396
-0.0294149
-0.0729747
-0.0301442
0.0389149
-0.00793872
-0.0415475
-0.0816633
-0.0738178
-0.0842636
0.101377
0.062604
-0.0946674
-0.079996
-0.0195953
-0.0882127
0.0311098
0.00823067
0.0220413
0.0702437
-0.0205141
-0.074475
-0.0106316
-0.0251669
-0.0942428
-0.0582933
-0.0390061
-0.0961687
0.013799
0.0181106
0.0155254
-0.106758
0.0473427
0.0565066
-0.0678104
0.0545598
0.010806
-0.0225908
-0.0410457
-0.0323388
-0.0145782
-0.0426779
-0.0404742
-0.0775348
-0.0723483
-0.0623285
-0.0124519
-0.0162941
0.0835747
-0.0276694
0.00558231
-0.00335543
-0.0514365
0.0530229
0.0162953
-0.0132205
-0.070419
-0.073896
-0.0756838
0.00557874
-0.0300101
-0.110544
0.0110233
-0.0666014
-0.0109037
0.0316367
0.0365125
-0.0822174
-0.00106622
-0.028013
0.0362433
0.0477631
-0.0488512
-0.00754125
-0.108745
0.0327958
0.0511314
0.00377254
-0.0444462
-0.0520074
-0.0230435
-0.098709
0.0401618
-0.0263521
-0.0177154
-0.0696768
-0.0315961
-0.0547138
0.0224224
-0.0684129
-0.0054757
0.0790634
-0.0550328
0.00718067
-0.0269001
-0.0502232
-0.0623628
-0.109924
-0.0204504
-0.0475886
0.0321983
-0.0841011
0.0173056
0.0205281
-0.0216223
0.076583
-0.000966502
0.0545363
-0.0371039
-0.0545465
0.00199009
-0.0407152
0.0195397
-0.0166504
0.0498092
-0.0182056
-0.0650383
-0.10211
-0.0342248
0.0460009
-0.0185455
-0.108228
-0.0953526
0.0275135
-0.0929956
-0.0710931
-0.105465
-0.100472
0.0413241
-0.00770522
-0.107552
0.0144112
0.0566948
0.0322659
-0.103539
-0.0967174
-0.00875282
-0.010357
0.0463541
0.0364865
