-1.06678
-0.717058
-1.63857
-1.93114
0.27011
-2.01245
1.90479
-0.423198
-0.167019
0.108588
-0.963227
-0.197875
0.238979
-0.345839
-0.668135
-1.5899
-0.856033
0.0552558
-0.43316
-0.0329934
0.357746
0.444063
-0.281714
0.465853
1.51893
-0.644853
0.720991
1.69476
1.49537
1.40234
-0.290139
-1.87359
0.331426
-1.18406
-0.974566
-0.169988
-0.125994
-0.163512
0.157436
0.953857
0.543401
0.249008
0.685973
0.654654
0.0791161
0.147459
0.774733
0.774577
0.0327824
0.469017
-1.27167
-0.793835
0.948073
1.26972
0.824398
0.198979
-0.639844
0.137701
0.0735338
-2.21831
-1.43862
-1.00139
-0.546962
0.264889
0.465212
-0.301241
-0.797543
-0.415641
-1.30623
-1.11943
0.118982
-0.00856375
0.147413
-0.601093
-0.408214
0.169121
0.211006
-0.281854
-0.0281281
-0.668582
-0.484125
-1.10666
0.568597
-1.06137
-0.177365
-1.29491
0.976534
-1.61052
-0.243911
0.444595
0.386587
-2.16039
0.489204
0.313614
-0.182113
-1.22861
0.572984
0.0200811
0.518393
-0.331096
1.24411
0.0848615
-0.488451
-0.409064
0.0982269
-0.889668
0.460361
0.922979
0.0874614
-0.288644
0.290646
0.274018
-1.90831
1.01193
-0.58967
-1.71839
-0.411683
-0.496094
-0.979042
-1.17086
-0.745802
-0.420428
-2.02084
0.0374308
-0.759959
-1.10789
-1.33805
-0.477168
-0.921698
1.26564
1.19041
0.177693
-0.412275
-0.503666
0.681993
2.29869
-0.493118
-0.0573572
-0.724681
-1.17425
0.0180476
-0.0775571
0.0771465
-0.0931045
0.950062
0.104439
0.173494
1.15214
0.684391
-0.202624
0.187806
0.861429
0.676398
0.584408
0.828775
0.552838
0.125274
-0.143355
-0.0293502
-0.714135
0.262091
0.336033
-0.321339
0.266899
1.00275
-0.334852
-0.740038
-2.26323
-0.530856
-0.0953479
0.267887
0.0621885
-0.267736
0.0875301
-0.304623
-0.961814
0.0329273
0.41927
0.696784
0.528666
-0.18449
-0.861503
-1.42975
-1.056
-1.36854
0.069366
0.512678
0.943852
0.573344
-0.689563
-1.27107
-1.32846
0.182851
-1.16167
-0.330085
-0.352013
-0.402998
0.791449
1.16468
0.593159
-0.261209
-0.0966812
-0.286679
-0.725891
-1.40734
-0.499789
-0.162501
1.22595
0.211038
-0.691957
-0.0977562
-0.742445
-0.708707
-0.106402
0.752682
1.36873
-0.073135
-1.7633
-2.13989
-1.22845
-1.78901
-1.34154
-0.188683
0.517099
-0.864532
-1.00623
-0.672363
0.215217
-0.0619755
-0.613607
0.615609
0.840605
-0.55762
-0.801852
-0.851207
-0.678093
-0.0208326
-0.376217
-0.164565
-0.199265
1.48144
0.685548
0.110879
-0.107281
-0.530869
-0.924633
0.916324
-0.171257
-0.719456
-0.921811
-0.306011
-0.534448
-1.18207
0.197417
0.27199
1.20062
0.706969
0.19237
-0.398464
-0.486648
-0.489906
0.781487
1.12481
0.95233
0.910851
0.595284
-0.554958
-0.633544
-0.611546
-0.235584
1.86968
0.440791
0.162835
0.394825
-0.450198
0.0398919
-0.319368
-1.78246
-2.08368
-0.998066
-0.0662791
0.327158
0.232894
0.991055
-0.370967
-0.838163
-0.850412
-1.5731
1.19209
1.00356
1.64624
0.772256
-0.921855
-0.960094
-1.44145
-1.68187
-1.11587
-0.418427
1.11154
2.42242
1.78847
0.615008
-0.22078
-1.09608
1.03197
-0.0946001
0.0760984
-0.71519
0.707073
0.776917
0.0446079
0.375273
0.164489
0.235219
-1.11103
-1.15657
-1.6242
-1.13767
-0.856195
0.324241
-0.972116
-0.0510952
-0.191346
0.0217779
0.936744
-0.975319
-0.920984
-1.35583
-0.952128
-1.37327
-0.413373
-0.696206
0.0321169
-0.549441
-0.961771
-0.0687906
-0.6197
-1.1923
-1.45702
-0.929994
0.25341
0.883231
0.774493
0.269507
-0.146542
-1.95071
-1.64232
-0.528748
-0.771735
0.432516
0.80408
1.44315
-0.116737
-0.277833
0.503185
1.64891
0.597742
-0.854258
-2.11768
-1.49857
-0.140564
-0.785061
0.62722
0.465152
0.983885
1.05849
0.0724916
-0.932414
-0.244989
1.10899
1.59985
0.632285
-1.07297
0.162636
0.380708
-0.17574
-0.108391
-1.06178
-0.85217
0.263576
0.63948
0.0487096
1.17007
-0.238557
0.170098
-0.426562
0.315859
-0.740961
0.282397
0.207381
-1.30415
-1.41873
-0.0679061
-0.580112
0.163661
-0.653513
0.164812
-0.00616769
0.954047
1.63846
0.771714
-0.0263992
2.1328
-0.42159
0.398002
-0.159773
-0.0742603
0.832896
-3.86177
-2.72742
1.6339
-0.416538
0.11266
0.489762
0.412119
2.0153
0.641381
-0.683835
-0.947571
-0.397319
-0.180233
-0.143777
-0.732664
-0.542203
0.600663
0.187921
-1.53039
-0.167006
-0.011858
0.981043
0.393678
0.0854828
-0.244048
0.0877631
0.981145
0.532717
-0.88787
-1.08614
0.509273
-0.0492571
0.062907
1.09295
0.70033
0.147791
0.0972979
0.654087
0.818026
1.08008
-0.691514
0.638991
0.632869
1.5257
1.11091
-0.427934
0.148469
0.259148
1.10497
-0.957238
1.1922
-3.81259
-1.22214
0.525874
0.373649
0.0741243
-1.04319
0.318085
0.286021
-0.0527653
-0.280498
-0.114815
0.326081
0.428242
-0.725752
-0.120344
0.0912029
1.32364
-0.377073
0.60331
-0.327551
0.144625
-0.11351
-0.375484
0.611005
0.606353
0.670658
0.147877
-0.191231
0.588321
0.615023
0.656797
0.755947
0.480941
-0.109681
0.116235
0.848206
1.23071
-1.02697
0.36186
-0.5277
0.57189
0.0163318
0.342256
-0.527701
1.72704
0.36769
-2.63632
-0.834649
0.312124
0.676072
-0.0140107
0.101992
0.05245
