-1.16567
-0.804284
-0.557698
-1.56845
0.471955
0.047934
-0.0783148
0.0937722
0.921067
-1.01716
0.567592
-0.210735
0.67901
-0.175163
-0.459164
0.489331
0.38753
0.042331
0.474988
-0.334154
1.10452
0.107019
-0.791789
0.248863
0.407505
-0.269138
0.338322
0.209103
0.419484
-0.0957567
-0.519228
-0.0076583
0.00778292
-0.247224
0.209786
-0.116492
-0.440561
0.284232
-0.655237
-1.41696
-0.591088
-0.461405
-0.248287
0.379255
0.853892
0.293154
0.393481
0.390742
0.187399
-1.4134
0.839444
-0.365945
-1.3618
0.0667294
-0.415496
-0.358823
-1.5278
-2.70382
-6.35968
0.953494
-2.69853
-0.940882
-1.75111
-0.276925
-0.117364
0.377413
0.497484
0.425723
0.733883
1.00237
0.201526
0.425851
1.08604
1.26849
1.33969
1.70937
0.413699
-0.760583
0.190465
-0.0773397
-0.0717249
0.573608
0.197845
-1.28316
-0.613778
1.10375
-0.966629
0.163013
0.242445
-0.413858
0.0149137
-0.678148
0.923641
0.440179
0.0667265
-0.451297
0.601895
-1.79895
0.0991259
-0.958516
0.0342246
-0.904471
-0.676479
-1.06228
-0.754914
-8.34532
-2.30177
-1.17926
-0.431874
-0.317168
-0.165843
1.37636
-0.118025
-0.395761
-0.791933
0.0872067
-0.233825
-0.078555
1.26624
-0.907474
-0.064077
1.25587
0.156581
-0.337249
0.331953
0.592903
-0.855716
-0.7132
-0.0921011
0.747478
-0.292563
0.225134
-0.700073
0.301142
-1.6679
-1.75305
1.20166
-3.62642
0.604779
0.868657
0.400088
-0.359896
-1.48065
1.05529
0.41908
0.330096
-0.0497595
0.989766
-0.858554
-0.0725649
-1.31128
0.0476693
0.720131
-0.391192
-0.374964
-0.321824
0.704292
0.61784
-0.574024
-0.67094
-0.325252
-1.31049
0.20251
-0.971537
1.38848
-1.14226
-0.43016
-0.287226
-0.710439
-0.536006
0.483144
-0.572894
-0.998979
-0.51559
0.0258672
1.03074
-0.246439
0.266199
0.508514
0.255008
-0.234807
-0.367059
-0.48616
-0.0894608
0.780814
0.654079
0.055127
0.0553486
-0.787778
-0.750957
-0.845904
-0.36659
1.18571
-1.28118
-0.377098
1.04298
1.00836
0.884672
-0.663651
-2.22112
-1.18123
-0.571079
-3.82168
-2.54388
-2.50531
-0.651527
-0.541022
0.143081
1.30617
-0.310763
0.675447
-0.140905
0.069404
0.199286
-0.714462
-0.421737
1.17566
-0.279276
0.177521
-0.415445
0.695869
1.08976
1.4728
0.859132
0.485374
0.627018
-0.331823
0.292063
0.204367
0.598211
0.0774467
0.989089
0.0347749
-0.385313
0.989159
1.13672
0.326461
1.13621
0.84689
0.818168
-0.461742
-0.324042
0.653669
-1.43964
-0.31146
0.49723
0.270099
-0.559899
-0.303513
0.919686
0.409722
-0.157935
1.68735
0.0308526
-0.830246
-0.197846
1.24157
0.259018
0.439866
-0.736028
0.626511
0.837599
0.695474
1.01733
0.992042
0.898237
1.2987
-2.46235
0.975174
0.27302
1.34337
0.0301154
0.844478
-0.0739019
0.388386
-0.455996
-0.991577
-0.122571
0.775924
-0.691638
-0.840355
0.143723
0.36008
0.160767
0.205402
0.261459
0.174013
0.337228
0.416965
-0.407698
0.330924
0.56242
-0.718502
-0.588888
-0.210619
-0.135304
-0.0692012
0.639312
1.26603
0.644853
0.73237
-0.487381
-0.202854
0.269011
-0.177225
0.949561
1.67431
0.804065
0.940967
-0.0234417
1.59996
-0.0870606
0.398899
-1.54144
-0.935542
0.370206
-1.72687
-0.446756
0.590617
0.351739
-1.24717
0.261908
-0.356644
0.642524
-0.964189
1.54673
-1.04886
1.15413
-0.917232
1.18953
0.124443
0.794687
-0.809673
-0.134277
-0.402989
-1.29554
0.87154
-0.689217
0.0529119
-0.102914
0.340725
0.730722
1.57789
-0.0379122
-2.06815
1.18468
-1.4618
-1.13286
0.109748
-0.493314
0.394532
1.91121
-0.254348
-1.07606
-0.548141
0.531705
-0.225589
-0.637245
0.142224
0.970255
0.639236
0.0198863
0.928723
0.194946
0.385217
0.793863
-0.218535
0.321259
-0.554383
-1.06019
-0.157774
0.53161
-0.942231
0.126845
-0.524725
1.25163
0.0480668
-0.336008
0.042588
-0.394109
-1.11825
1.17574
-0.826941
-0.330106
-0.343242
0.0339663
0.939298
-0.12233
0.411132
0.415486
0.501644
0.179247
-0.257715
0.488606
-0.286298
0.427062
0.268388
-0.256754
0.152594
1.81812
-0.942156
0.47432
-0.0388481
-0.130282
-0.734756
0.0709098
0.784799
2.5257
-0.518228
-0.0943959
0.233721
-0.593707
-0.678508
-0.104649
-0.901604
-1.6217
-0.466517
-0.660872
-1.2607
-0.14795
0.261782
-0.370182
-0.187968
-0.720525
0.296317
0.112689
0.741472
-0.478009
0.472943
0.395586
-0.474342
-0.603168
-0.783951
0.263842
1.19194
0.30402
-1.18386
-0.510348
0.48104
0.84401
0.0719879
0.362265
-0.594899
-0.459547
-0.893879
-0.6902
0.853487
0.661129
-0.607049
1.73207
1.39111
1.46649
-0.850584
0.0877243
0.678401
0.969841
2.35326
-1.50828
0.196181
-1.53522
-0.874032
-0.622474
0.11826
0.942144
1.11169
1.64913
0.368447
-0.34074
-0.699824
0.560924
-1.76074
-3.46605
-0.710926
-0.599463
-0.344605
-0.381504
-1.03336
0.134965
0.555031
0.790613
-0.494591
-0.582809
-0.889278
0.729937
-0.779996
-0.086496
0.191208
1.11182
1.40925
-0.682485
0.0114171
-1.42767
-0.738659
-1.77666
-1.45908
0.230432
0.176168
-0.216596
0.245739
-0.799768
0.0796264
-0.0628357
-1.51076
-0.622998
1.10495
1.09036
-1.05414
-0.755625
-1.4757
0.363531
0.213195
0.146503
