0.362026
-0.13685
-0.677716
-0.522118
-0.146934
0.242579
0.432935
0.104504
1.00804
1.25083
0.152168
-0.457573
-0.578392
-1.26327
-1.20967
0.158431
-1.2421
-2.43173
-1.54514
-1.49941
-0.259585
-0.629595
0.166244
0.0861348
0.345933
-0.319391
-0.263358
-1.26038
-1.42934
-1.33388
-1.37995
-1.16784
-2.93382
-2.46355
-2.52117
-2.40109
-1.73639
-0.520645
-1.18741
-1.42627
-0.957083
-0.635265
-1.96904
-2.14875
-1.74995
-1.66936
-3.01265
-3.48861
1.07102
0.69596
0.555906
-0.126475
0.285393
0.118339
0.79755
0.82792
-0.437554
0.435795
0.610927
1.19751
0.867689
0.660755
0.716679
0.339441
-0.803386
-1.1703
-1.15517
-0.724204
0.00377713
0.163897
-0.136256
-0.550951
-0.142614
0.817472
-0.837646
-1.36149
-0.938643
0.854246
-0.485131
-1.83994
0.883207
0.0901732
-1.18315
0.379137
0.0962732
-0.714464
-0.00316846
0.953589
-0.800174
-0.608668
-0.299396
-0.096154
-0.406471
0.442671
-0.0413493
0.35613
-0.959632
-0.00202228
0.278429
0.736518
0.21439
0.132957
1.59881
0.653715
0.73808
0.407363
0.0772948
-0.42433
-0.110831
0.594081
0.368546
1.30332
-1.15371
-0.787367
-0.148385
0.841323
-1.38259
-1.18841
0.362336
-0.298
-0.447076
-0.646955
-0.412306
0.877297
-0.0966363
-0.0358001
-0.0228666
-0.140012
-0.0496052
0.080172
0.100678
-0.950481
-0.354609
-0.0168075
-0.444876
-0.122789
0.922765
0.279568
0.664405
-0.0256713
-0.620626
0.37985
0.531511
1.234
1.83436
0.692069
1.42812
1.78898
0.451802
-0.254334
0.810697
1.14924
0.236531
0.507053
1.14477
1.43128
0.585825
0.757202
1.737
2.38157
0.987558
0.486393
-0.151958
0.193242
-0.643948
-0.397014
0.359923
-0.204287
-0.578671
0.249147
1.08516
1.16521
0.573695
0.325954
0.026028
0.0933591
-1.37148
-0.206861
-0.540496
0.178137
-0.0373638
-0.364519
0.13152
-0.411944
-0.390786
-0.163019
0.322613
-0.0698898
-0.318818
-0.162388
0.0416866
0.744655
1.16705
0.882258
0.644568
0.997125
0.0372118
0.272282
0.604734
0.606774
0.228482
0.875605
1.17241
0.597634
0.602257
0.640312
0.542479
1.06835
1.84836
1.08535
1.84915
2.40223
1.37333
-0.32207
0.986336
1.66351
0.742519
0.281205
0.571585
1.7706
0.989506
0.69123
2.08333
2.31798
-1.77835
-1.13886
-1.13067
-0.708699
-0.531153
-0.0790319
-0.280544
-0.0665292
0.526806
-0.181195
-0.49802
-0.137558
0.0378362
-0.411623
-0.869405
-1.21159
-1.32354
-0.0684409
-0.223127
0.373058
0.504266
0.0553574
-0.238295
1.14625
0.625438
0.51462
0.578069
-0.318926
-0.504153
0.811205
0.730081
-0.183694
-0.902173
-1.03286
-0.958212
-1.03549
-0.686439
0.0258617
-0.93722
-1.50548
-2.00196
-2.25414
-1.75898
-1.59778
-1.07006
-0.231553
-0.734193
-1.45411
1.4315
0.505956
1.40703
1.20007
0.0789506
0.637635
1.43646
1.53468
0.746402
0.76515
1.02889
1.41335
0.613322
0.266071
1.98194
1.67993
-0.461023
-0.601132
-1.13386
-0.916757
0.0986587
0.122747
-0.429146
-1.12139
-1.32754
-1.60285
-1.85178
-0.985272
-0.223359
-0.127557
-0.768388
-0.912968
2.19047
0.944779
0.244891
1.22317
1.33947
0.324589
0.103217
1.46869
1.47675
1.32619
1.54104
1.6227
1.23723
1.75997
0.456756
1.15504
-0.891507
-0.0293538
-0.748819
0.253785
-0.00334832
-0.756333
-0.221971
-0.643373
-0.438914
-0.2123
-0.681834
-0.183256
-0.748968
-0.350708
0.411571
0.438227
0.430155
0.13424
0.676219
0.786666
0.0768292
0.211781
0.251071
0.0196028
-0.328575
-0.577064
-0.109373
0.0295861
0.377265
0.366471
0.170283
0.153394
2.47615
0.59249
0.938008
1.59895
1.05485
0.839976
0.530896
1.2122
1.21933
0.210885
1.12837
2.02316
1.02958
0.520815
1.0201
2.08522
0.924368
0.929809
0.954779
-0.373702
-0.443337
-1.10961
0.017593
0.093739
0.559095
0.0195442
-0.41737
0.362759
0.740689
0.180119
0.320644
0.115094
-0.384131
-0.615724
-0.168721
0.0561657
-0.414475
-0.286529
-0.249489
0.321413
-0.286512
-0.0586892
-0.460206
-0.357985
0.48905
-0.704383
-0.339071
0.230846
-0.1432
0.0117632
-1.02621
-0.717187
-0.0109516
0.0125171
-0.806023
-1.3819
-0.0220555
-0.256507
-0.732717
-0.549758
0.0815896
-0.0768891
-1.26643
-0.645173
1.25845
0.945596
0.100033
0.14337
0.394044
0.270998
0.352112
0.515117
-0.112472
0.450923
0.696481
0.59614
-0.144217
0.174366
0.459244
0.255139
-1.66528
-1.65222
-2.00228
-1.53006
-0.582473
-1.34409
-1.21242
-1.13352
-1.52696
-1.07097
-1.89423
-1.72654
-1.58807
-2.31864
-2.23968
-1.96903
-1.57415
-0.116917
0.525564
-0.203587
1.19789
-0.451896
0.403436
-1.10981
-2.05117
-2.2801
-0.454638
-0.321899
-0.028827
0.899807
-0.124351
-0.220581
0.611551
0.766301
0.463358
0.779504
-0.030542
-0.369647
-0.13259
0.396527
0.488447
-0.483007
-0.370396
-0.0410391
0.178861
-0.287893
-0.158196
-0.124836
-0.266002
0.294668
0.19621
0.580489
0.448462
-0.64864
0.0377378
0.611075
-0.1327
-0.153052
0.584921
0.581392
-0.103061
-0.552593
0.182609
0.872424
1.11041
0.365104
-0.0236484
-0.385728
0.308406
0.0962105
0.554559
1.11771
-0.706355
-0.403793
-1.3235
0.337857
0.808955
0.681237
0.900845
0.320075
