-0.0546838
-2.8861
-1.30869
-0.0328451
-1.63857
0.228971
0.119613
-0.13097
-2.68995
3.7747
0.643693
0.125356
0.442066
-0.557698
-0.677716
0.363582
0.488438
0.307858
0.419518
-0.0346584
-0.43316
-0.144025
0.560828
-0.35101
-0.376986
-0.179222
-0.109687
-0.539463
-0.30842
0.474988
-1.54514
0.308834
0.763887
0.502479
-0.575054
-0.0764981
-0.974566
0.1482
1.30132
0.384295
-0.297134
1.22987
-0.336707
0.798014
0.510288
0.209786
-2.52117
0.244916
0.299186
-0.0418281
1.03072
-0.0687728
-1.27167
-0.093754
-1.125
-0.00604603
1.22036
0.130574
0.423387
0.402681
-0.38721
0.839444
0.555906
-1.08231
-0.00631157
0.6326
-0.779528
-0.0158965
-0.797543
0.167171
-0.585008
0.469135
-0.784621
0.278035
0.0273531
0.376499
0.722113
0.497484
-1.15517
0.192809
-0.450683
-3.07026
-0.962651
-0.0792131
0.568597
0.196125
0.222346
0.28709
-1.02463
0.303535
0.709995
-0.786842
0.276731
0.197845
-1.18315
-0.433483
0.0287087
0.953912
1.3309
-0.0667522
0.518393
-1.59121
-1.40832
-0.807716
0.0735957
0.410278
-0.114986
0.188288
-0.532216
0.0991259
0.278429
-0.0366289
-0.717844
-2.79671
-1.40539
-0.0228821
-0.58967
0.207785
-0.666201
-1.23229
-1.96848
-0.37154
0.186231
-0.835543
-0.61377
-0.791933
-0.148385
0.110352
-0.0819381
1.53176
-1.16839
-0.0820101
1.19041
-0.0374965
-0.765302
0.781233
0.00753263
2.78213
-0.838778
0.375712
0.0585865
-0.292563
0.100678
0.645938
-1.27391
0.580143
-1.19181
-0.112121
0.173494
0.0685436
0.967479
0.226598
-0.931335
0.811557
-0.730203
1.20825
-0.301222
-0.0497595
1.42812
0.791268
0.0219009
1.00722
1.3068
-0.0361846
-0.321339
0.273686
-1.96768
-0.00162439
0.202692
-0.258695
0.00208633
0.947317
-0.435868
0.20251
-0.151958
-0.44899
1.18219
1.14437
-0.26626
-0.0123878
0.696784
0.565173
0.282151
0.0929809
-0.595548
1.89412
1.69451
-0.196781
0.158158
0.508514
-0.540496
0.126561
0.368868
0.820677
-0.877573
0.0442497
-0.330085
-0.36327
-1.18913
0.715079
-0.298551
-2.08064
-0.969414
0.130566
0.26722
-0.377098
0.644568
0.0391603
0.342844
0.1327
-0.787826
-0.0950856
-0.0977562
-0.32283
0.701453
0.438331
-1.19877
1.69869
0.642498
0.0365874
0.35547
0.675447
1.84915
-0.411362
0.682617
0.145886
-0.830289
0.0271273
-0.672363
0.0216285
0.561687
0.100983
-0.158337
3.12739
0.236745
1.13003
0.257288
-0.331823
-1.13067
0.618414
0.8824
1.21161
1.5347
-0.0619271
0.110879
-0.79322
-0.393383
-0.250452
0.769111
-0.841295
-0.336689
0.0914072
-0.836623
0.653669
-0.223127
-0.823546
0.987802
0.434223
-0.399587
0.0345282
-0.398464
-1.01076
-0.165773
-0.714359
-0.649097
0.200243
-1.15952
-0.732985
-0.262164
0.439866
-0.958212
-0.534196
-0.275844
0.818685
-0.234641
-0.0257576
-0.450198
1.28545
0.857733
-0.117754
-0.425237
4.31791
0.317796
0.619649
0.910701
0.388386
1.40703
0.102484
1.05254
1.26586
-0.136408
0.0242923
1.64624
0.842097
-1.18633
-1.10749
-0.416492
2.72815
-0.901171
0.329638
0.373128
0.330924
-1.13386
0.0197857
-0.507546
0.18923
0.427865
-0.0801479
0.0760984
0.244567
0.877517
0.792604
-0.611137
-0.176886
0.115579
-1.27174
-0.170119
1.67431
0.244891
0.0946038
0.576845
0.0906941
-2.18037
-0.0283564
-0.191346
-0.117387
0.011579
-0.483108
-1.78868
2.19973
0.413439
0.420318
-0.18517
-0.356644
-0.748819
0.506732
-0.0570915
0.825447
0.34343
-0.0873424
-1.45702
0.141931
0.344291
-0.643032
-0.862951
0.868919
1.56591
-1.0637
1.04876
0.0529119
0.676219
-0.323092
-0.334024
0.772084
-1.00235
-0.105702
0.503185
0.155588
-1.19391
1.07914
-1.54252
0.272088
-1.57018
0.191218
-0.164647
-0.548141
0.938008
-0.521041
-0.712553
0.102552
1.8869
0.00372057
1.59985
-1.37851
-0.184487
0.461401
0.640316
-1.92712
-0.0934612
0.126639
-0.631256
-0.157774
0.954779
-0.778674
1.00026
1.06695
-0.0325638
-0.0195953
0.315859
4.18937e-05
0.205447
0.0873305
-0.0764041
-0.156625
-1.28462
0.577514
1.1346
0.939298
-0.168721
-0.456854
0.162375
-1.977
-0.677985
0.0155254
2.1328
-2.19922
1.09663
0.0491947
-0.726325
-0.707688
-0.628072
-1.23091
0.655784
-0.0388481
-1.02621
0.325821
0.661058
1.20626
2.55866
-0.0124519
-0.947571
0.235387
-0.347172
0.917846
1.23917
-1.29838
0.0981434
0.318685
-0.610075
-1.2607
0.100033
-0.820734
0.142066
0.772211
0.284886
0.0110233
0.981145
0.460641
0.0974052
0.0777272
0.394313
-0.206675
-0.422898
-0.589338
0.702535
1.19194
-2.00228
0.712765
0.299579
2.05255
-0.459387
-0.0444462
0.632869
-0.477276
0.598121
0.0329565
1.24207
0.0683059
-0.163104
-0.526982
0.330402
1.39111
0.525564
-0.452321
-0.179009
0.951581
0.923388
-0.0269001
0.286021
-0.957839
-1.75589
-0.518736
0.0657338
-0.840424
0.0336145
-0.0468276
-1.16351
0.368447
0.463358
-0.549232
-2.20218
1.07695
-0.636864
0.00199009
0.611005
-0.225902
0.833722
-0.356449
-0.32143
-0.474352
-1.21699
-0.804775
-0.188388
-0.889278
0.19621
-0.626923
-0.0785896
-0.592742
-2.09809
-0.105465
-0.5277
-0.161545
0.339143
-0.507343
-2.64595
1.51217
1.77155
-1.62793
0.0196433
0.245739
-0.0236484
0.0497164
