0.369252
-0.76881
0.442066
-1.36118
-0.0269103
0.712383
0.322388
1.01576
0.209102
-0.0737055
0.322718
0.240902
-0.351897
-0.221679
0.350747
-1.52558
-0.260936
-0.203452
-0.30842
0.21441
0.239234
-0.460284
-0.00168532
0.43062
-1.09836
-1.07913
-0.248331
0.631802
-0.616324
-0.427164
-0.248388
0.0585385
2.11376
0.528121
0.510288
0.404471
1.54381
0.806752
0.199993
0.828949
1.34149
0.547616
-0.152483
0.699562
1.64889
0.0182315
0.208345
1.89133
-1.81846
-0.612215
-0.38721
-0.200933
0.271811
-0.115954
-0.173749
-0.0254421
-0.428773
-1.06488
0.0041326
0.325332
-0.657099
-0.0891047
-0.997904
0.209899
-0.853699
1.0363
0.722113
0.169969
-0.229853
-0.558108
0.189692
-0.197973
0.0582823
1.12277
0.0572483
0.708627
-0.515399
0.180416
0.11561
0.665587
0.283499
-0.268685
0.276731
-0.669377
-0.0251334
-0.172429
0.794941
-0.0209416
0.0523957
-0.25351
-0.323238
-0.64006
-0.178139
0.492231
-0.236759
-0.155733
-1.43651
-0.972718
-0.532216
-0.170431
-0.407139
-0.588546
-0.131
-0.364248
-0.803749
-0.707806
-0.0757165
-0.922375
-0.00557197
-0.77766
-1.6058
-0.122499
0.663765
-0.134678
-0.61377
-0.0641252
-0.149571
0.426783
-0.388876
0.234551
-0.356664
0.923419
-0.0651693
0.433949
-0.00270225
0.442109
-0.82091
0.35006
-0.828543
0.598517
0.0585865
-0.0517607
0.476333
-0.684815
0.81566
-0.239
-0.818317
-0.324591
0.716123
-0.573857
-0.343453
0.351083
-0.61294
1.05606
-0.076208
-0.146972
-0.301222
0.114483
0.415676
-0.102744
-0.684469
0.981143
1.01585
-0.289187
-0.408195
1.17697
0.646848
-0.0723377
0.517111
1.00352
-0.328104
0.443532
-0.435868
-0.767752
0.594819
-0.37888
-0.872242
-0.555048
-0.659389
-0.863982
0.189123
0.324229
0.131032
0.944797
0.246343
-0.868441
0.690576
-0.14733
0.158158
-0.832278
-0.474859
-0.047033
0.12607
-0.422886
0.0308807
0.397627
-0.0033086
-0.623036
-0.482514
-0.125036
-0.528765
-0.273142
1.60343
-0.860996
0.26722
1.22687
-0.0156865
0.695719
-0.376988
1.12192
0.97261
0.659811
0.929128
1.08137
0.845599
0.238922
0.486617
0.907626
-1.13058
-1.05353
0.35547
-0.845092
-0.926595
-0.689595
-0.474218
-0.311521
-1.64866
-0.313212
-0.311429
-0.525744
-0.938407
-0.995343
-0.577068
-1.60964
0.565455
0.164543
0.257288
0.113627
-0.719585
-0.978894
-1.1109
-0.162686
-0.931559
-0.663468
-0.825484
-0.198212
-0.580425
-0.328116
-0.484375
-1.09084
0.310187
-0.199078
-0.836623
-0.378351
0.468013
-0.615706
-0.576914
0.0915892
-0.401787
-1.35086
-0.374352
-0.075049
0.222504
-0.305114
-0.874232
-0.412838
1.4785
1.39496
-0.262164
0.347116
1.12684
1.38654
-0.136719
0.0807417
1.26021
0.502741
0.0808483
0.107177
0.926929
0.949031
0.250001
0.953692
-0.168377
0.201152
0.910701
-0.120149
-0.296426
-0.15211
0.201514
-1.07414
-0.601758
0.531413
0.565594
-0.298092
-0.171089
0.149259
-0.646348
-0.285117
1.86856
0.667409
0.373128
0.386639
1.27911
0.611584
-0.659572
0.161633
1.52306
0.101111
-0.130824
0.743709
0.983014
0.479985
0.267681
1.30303
0.968376
-0.195541
-0.170119
0.0572655
0.166578
0.448904
0.274399
-0.176595
-0.597988
-0.696705
0.377913
-0.198982
-0.414764
0.0648011
-0.387747
-0.339883
1.0516
0.0403306
-0.18517
-0.458423
0.301478
0.411959
-0.566757
-1.25794
0.192744
-0.0693496
-0.205881
0.395838
0.433117
-0.401484
-0.388752
0.0765723
-0.22244
0.335431
1.04876
-0.0823021
0.880686
0.682778
0.527456
-0.384858
0.170894
-0.225018
-0.0557195
-0.0165193
0.259106
0.0367248
0.0915064
1.08699
0.79216
-0.359306
-0.164647
0.118155
-0.526793
0.397823
0.061669
0.457611
0.277003
0.269055
0.278415
-0.296612
0.0476159
-0.0687023
0.104597
-0.918398
-1.82439
-0.559859
-0.631256
-0.0546499
-1.22763
-0.537297
-1.54217
-0.16168
-0.6123
-1.11
0.740289
-0.856954
-0.420726
-0.48758
-0.296623
-0.272175
-0.723735
-0.678748
1.1346
0.470145
0.099502
-0.55278
0.0713325
0.928796
-0.145001
-0.0109018
0.434915
0.220083
-0.0061168
-0.220224
0.712319
0.217058
-0.262808
-0.513575
0.655784
-1.09485
-0.0563188
0.117821
0.58217
0.493262
0.336869
-0.194402
0.228476
-0.673564
-1.03582
0.395462
0.666808
-0.475695
0.117091
-1.24845
-0.610075
-0.997336
0.410128
-0.502627
0.0293416
0.0218039
-0.453591
-0.0387468
-1.47749
-0.0705452
-0.731399
-0.915512
-0.256396
-0.224952
0.994404
0.507959
0.702535
1.33856
-0.0657464
0.33972
1.05872
1.51162
-0.192934
-0.136507
0.815834
1.03736
0.308436
0.147295
1.37043
2.86904
-0.53953
0.216808
0.330402
-1.06431
0.320395
0.191174
0.827155
0.269545
0.0668278
0.359818
-0.0779932
-0.0989251
0.834031
-0.897736
-0.375343
2.10997
-0.562838
-0.81103
-1.16351
-0.550759
-0.951813
-0.258071
-1.08822
-0.347785
-0.0581547
-0.21066
-0.610182
0.386928
-0.259939
-0.193262
-1.11833
-0.86031
2.61678
-0.694698
-0.188388
0.702846
1.28295
-0.423263
-0.00447095
0.695764
1.10592
0.434354
0.041657
0.72305
1.40978
0.826539
0.528684
2.77538
-0.626786
-0.0872358
0.0196433
0.320969
-0.0288964
0.753585
-0.639852
0.512924
-0.0401902
0.599494
-0.0535802
-0.0106729
-0.640582
-0.0678759
-0.228165
-0.986162
