-0.52524
-0.00739275
3.7747
0.556158
0.736852
0.78721
1.25445
-0.559066
-0.564114
0.311052
1.47396
0.414319
-0.585195
-0.532783
0.532261
1.62412
-0.430825
1.25967
-0.179222
1.16354
6.13606
-1.4979
4.2158
2.60963
1.65267
-0.770004
-1.56139
-0.420391
-0.537725
0.310404
-0.404027
-0.0747567
0.361206
-0.200578
1.22987
-0.291307
-1.9972
0.784158
-12.3225
1.83487
-3.49126
1.4045
1.88698
0.0716628
-1.08344
0.323678
1.26084
-0.093157
-1.30342
0.0720894
0.130574
-0.82049
-0.0327665
0.445549
0.679749
-1.21553
0.590585
2.24448
0.77657
-0.654264
-0.785797
0.525171
-1.19142
-0.156152
0.508374
0.321345
0.278035
-0.636048
-0.406912
-0.47316
1.22279
1.10278
-1.69593
-2.05671
-2.51864
1.48761
0.84848
-1.14857
-1.01655
2.93445
1.00715
-0.00102295
0.303535
-0.742462
0.35599
-0.158047
1.75571
-0.281853
-0.23766
1.08216
-0.549682
-1.19323
0.640727
-0.100602
0.825924
-0.615857
-0.307448
-0.107096
0.410278
0.015059
-1.36213
-2.05029
1.10149
1.20861
-2.39617
-1.06781
-0.473296
-1.23176
-1.68633
-0.421784
0.266288
0.242794
0.291558
0.0650021
-0.37154
-0.641345
-0.325134
1.31753
0.36514
1.22554
1.21586
0.41953
0.603949
-0.78095
0.391169
0.0255395
0.490618
-0.61347
1.14385
0.106603
2.78213
1.59009
1.28413
-2.28144
0.595295
0.0834315
-0.0253533
-0.287712
0.436355
0.353776
0.209366
-1.13914
-0.929193
-0.684275
-0.554679
-0.613659
0.811557
0.438882
2.20992
3.13734
-15.0054
5.87237
0.101661
-1.05839
-0.574533
-0.258324
-0.312391
-0.600999
-0.0984057
0.267874
0.0809282
-2.61706
-0.258695
0.100215
-6.35047
-0.435532
0.153294
-0.4224
-1.51754
-0.65713
0.43769
-0.00105631
-1.58254
-0.440281
-0.702539
-0.317907
-0.452454
1.15684
1.89412
-0.377897
-1.40138
0.0565157
-0.179019
-0.53503
-1.83707
-0.78123
1.05839
-1.3306
-1.53149
1.97518
2.68568
-0.936023
-0.101799
-1.20876
-2.08064
-0.198132
0.0522901
-0.822405
-2.7128
0.291876
-0.925207
-1.02289
-1.01497
0.620918
-0.385622
-0.762496
-0.421207
-1.37704
-0.00477841
-0.7332
1.69869
2.35351
-0.0601765
-5.07474
-3.12041
-6.02788
-0.198251
2.15183
3.28934
0.40179
-2.47134
0.413238
1.9771
0.925962
-0.787617
0.9083
3.12739
1.1796
-3.9949
4.71654
-1.27436
-7.29256
0.931194
4.11327
2.93707
-1.0913
-0.232208
1.9683
1.0407
-1.62521
-0.60204
-0.0231688
-0.841295
-1.95752
-0.162967
-0.100003
0.0206186
-1.01035
-1.63224
-1.87631
-0.827464
-0.997933
-0.564867
-1.21242
-1.29217
0.174536
1.92467
0.00961062
0.200243
-0.813812
-0.231555
0.586358
0.581907
0.24686
0.670177
-0.34392
-1.00565
0.286243
-0.376571
-0.0757414
1.01809
-0.0184929
-0.986353
3.153
4.31791
-0.400841
-4.61522
0.755172
-4.09133
-4.4922
0.0785207
3.10001
2.89142
0.0199139
-1.01446
1.15495
2.73665
-0.358933
-3.38803
-0.0732035
2.72815
1.55532
-2.83985
-6.02917
-1.80038
-5.54624
-0.383704
1.7702
1.74425
-0.956706
-2.94781
0.182257
1.06515
-1.81587
2.51697
-1.15462
-0.176886
0.838378
0.361224
1.09424
0.091459
0.258653
0.534699
-1.09752
1.26776
1.88439
-0.0751775
-1.1334
1.14612
0.859084
0.750362
-0.940065
2.19973
-0.842635
0.449996
1.06106
-0.246391
1.02846
-0.636849
-0.712811
0.224302
-1.88326
-0.223107
1.0009
0.307314
1.15444
-1.41245
2.5295
0.868919
-1.45168
-0.500143
-0.277403
-0.460779
-0.720675
-1.56588
0.800119
2.56155
-1.05908
-1.40618
3.26594
3.0571
-1.78194
1.70191
0.0804568
0.272088
-0.970618
-0.657936
0.599833
-0.290707
-0.347088
0.391743
0.186519
-1.11107
0.736594
1.55435
0.0543476
-0.17642
0.205198
-1.52515
-0.760917
-1.92712
-2.58766
-3.97927
1.82331
0.313204
-1.62731
-1.59342
-0.979413
1.00224
-0.843584
0.0395891
-0.819708
-0.405945
-1.14443
-1.32341
-0.517389
-0.156625
-1.00053
-0.64059
0.348453
-0.206147
-0.930078
-0.0206783
-0.279245
2.16019
-0.544917
-0.580924
-1.07996
-0.0520911
-0.318378
2.01914
0.953898
-0.707688
-0.145495
1.18179
0.0784041
1.34052
-1.49642
0.229632
-0.62402
-0.226647
1.21621
0.313865
0.306792
-0.0660116
2.79813
0.939436
0.374984
-1.29838
-0.78832
-0.458933
-0.933584
0.921031
0.214842
-1.64776
-2.36867
-1.48399
-0.827591
-1.2303
0.00929837
-0.904333
-1.38515
-0.706989
-0.501632
-0.206675
-0.0824909
0.626871
0.381699
0.586734
0.266074
-0.0545092
-0.159942
0.435915
-0.7983
0.75334
0.632906
-0.846054
-0.892906
0.127356
-0.315785
0.0683059
0.10769
0.362845
-0.941357
-0.773816
0.282083
1.23799
-0.000281544
0.105737
-0.146681
1.29788
1.15094
0.307077
-0.834995
0.129002
-0.9464
-0.840424
-0.678902
-0.805606
-1.01175
-3.73732
-3.69216
-1.8569
-0.406535
-1.48788
-0.814249
-1.45412
-1.26943
-1.13135
-1.64676
-0.470306
-2.0357
-0.474352
1.58623
0.708186
1.17502
1.14099
1.04367
1.11401
0.97868
-0.706807
-0.86215
-1.10372
-0.606344
-0.535352
-0.478264
-0.211568
2.55134
1.51217
-0.494526
0.946825
0.697233
1.41435
-0.149437
-0.733068
1.14559
1.19756
0.653198
-0.730944
0.29567
1.47254
-0.60854
