-0.0788874
0.261954
-0.388804
-0.0844513
-0.167019
1.84609
0.129093
0.132804
2.25983
-0.564114
-0.494673
-0.955851
0.209102
0.921067
1.00804
-0.0713374
-0.373627
-0.816167
-0.540415
0.038773
1.51893
-0.173232
1.06781
0.0677751
-0.150832
1.65267
0.335941
0.712316
-1.09836
0.407505
0.345933
-0.478023
0.921177
0.00789951
0.581551
0.0534923
0.543401
-0.602155
-0.265472
-0.408297
-2.28372
-3.49126
-0.0107522
-0.181894
1.34149
-0.591088
-0.957083
1.39715
0.0557091
-0.0520728
0.66651
0.0344736
-0.639844
0.360952
-1.39201
0.0247939
-0.970378
0.590585
-0.0387945
-1.44438
-0.428773
-1.5278
-0.437554
0.236179
-0.4495
2.98003
-1.71202
0.0544963
0.147413
0.547411
0.193375
-1.01748
3.01004
-1.69593
-1.2262
0.318268
0.0582823
1.08604
-0.142614
0.166338
-0.467144
-2.70327
-0.345585
-0.0174247
-0.243911
-1.75509
-0.734903
-0.415471
-0.10684
-0.23766
-0.0707583
-0.427795
0.0523957
0.242445
-0.800174
0.516586
0.294455
-0.514012
1.26932
-0.0131936
0.0982269
0.23306
-1.18308
0.706858
-2.30291
-2.39617
0.466977
-3.89771
-0.803749
-0.754914
0.73808
-0.1473
0.139376
-0.741461
-0.547316
-0.0743942
-0.745802
0.580959
0.553989
-0.255455
0.661275
1.21586
-0.472757
-1.30882
-0.356664
-0.064077
-0.447076
0.171448
-1.04731
-0.341777
-0.0776983
-0.109106
-0.493118
-0.866332
0.0296009
0.651893
-0.518731
-0.0253533
0.291713
-0.598498
-0.818317
1.20166
0.922765
0.410918
-1.16743
0.663578
-0.744305
-0.0464789
0.676398
-0.281026
0.887798
1.76048
-1.03402
0.101661
-1.0868
-0.00447518
1.01585
0.720131
0.236531
0.344885
0.589285
-0.482394
0.727489
0.0117248
-0.530856
0.570711
-0.687222
0.445638
-2.78612
-1.51754
-0.501811
-0.892637
-0.659389
-0.710439
-0.578671
-0.939267
1.42639
-0.351769
0.904859
0.0187974
-1.36854
0.200181
-1.06061
0.189191
-3.23995
-1.83707
1.71757
0.0815704
0.0308807
0.780814
-0.390786
0.0121047
0.0686522
0.114731
0.290442
-0.0373265
-0.261209
0.212289
-0.28285
1.18063
-2.43947
-0.925207
-0.160738
0.635831
0.97261
-1.18123
0.228482
0.424733
-0.0306112
0.215749
0.253471
0.00707229
-0.073135
-0.506289
0.517822
1.22372
-1.47429
-0.198251
0.961012
-1.42792
-1.64866
1.17566
0.742519
-1.15456
0.519494
0.271474
0.0766313
-0.0221021
-0.55762
-0.285625
-0.531517
0.382941
-1.47788
0.931194
0.681916
-0.924465
-0.931559
0.0347749
0.526806
-0.211108
0.00377519
-0.321679
1.11554
-0.0940275
-0.719456
-1.0615
0.816592
-0.358897
-3.22719
-1.63224
-0.195081
-0.6908
-0.401787
-0.303513
0.625438
-0.352143
0.536993
-0.132976
0.0176397
-0.108368
0.910851
0.433944
0.573957
-0.983478
-0.521611
0.670177
-0.174753
0.77234
1.26021
0.992042
-2.00196
0.551895
-0.464729
-0.108477
-0.209952
-0.11839
-0.0662791
-0.435097
1.67039
0.407341
-1.70502
0.0785207
1.08105
-1.54054
-0.601758
-0.840355
0.746402
-0.392096
1.1107
0.565932
-0.482563
-0.0558423
-1.11587
0.525461
0.270449
-0.860535
-2.76839
-0.383704
0.130306
0.670631
1.52306
-0.0692012
-1.32754
1.2065
-0.979179
0.0395397
0.332576
-0.0884395
0.164489
0.233794
0.678259
0.325798
0.774219
0.534699
0.928353
0.38022
-0.597988
0.398899
1.47675
-0.692086
0.662908
-2.08336
-0.942224
0.0345544
-0.952128
-0.808251
-0.0715793
0.1378
-0.208686
-0.636849
0.558936
1.92553
0.192744
-0.917232
-0.438914
0.0904755
-0.00442328
-0.165261
0.809828
-0.0144549
-0.146542
-0.228811
1.7519
-0.976323
-1.78852
-1.56588
1.44173
-0.168419
0.170894
-2.06815
-0.328575
0.388042
-0.816459
0.447043
-0.128832
0.0659428
-0.140564
0.363125
-0.00740547
1.83881
-0.113245
0.391743
0.298336
0.773883
0.277003
0.639236
1.21933
-0.42638
0.0492627
0.466692
0.305751
0.0389149
-0.108391
0.421334
-0.834676
0.153467
-1.96979
-1.59342
-0.912493
-0.915338
-0.6123
0.0480668
0.559095
-0.236942
0.0462266
-1.11741
0.112252
-0.0205141
-0.0679061
0.445103
-1.12255
0.699078
-1.75663
-0.0206783
0.684348
1.28102
-0.145001
-0.257715
-0.286512
-0.755584
-0.408169
1.60784
-1.1794
0.010806
-3.86177
-0.996868
1.53921
-0.441144
2.97703
0.229632
0.730157
-0.750065
0.336869
-0.518228
-0.0220555
-0.160241
0.227168
-0.507535
1.35102
-0.0514365
0.600663
1.27793
0.134733
-0.370949
-2.21134
-1.64776
0.273991
0.233552
-0.453591
0.296317
-0.112472
-0.670578
-0.247426
-0.703918
-0.510974
-0.00106622
0.062907
0.120567
-0.422768
0.00172893
-0.815081
-0.0545092
-0.78855
0.425902
-0.192934
0.0719879
-1.52696
0.685904
0.163763
-1.18819
-0.80285
-0.0177154
1.10497
0.24169
0.41721
-0.419768
-0.974905
1.23799
-0.287795
0.157461
0.0668278
2.35326
-2.05117
-0.320898
0.225437
-0.0888619
0.863201
0.0321983
-0.725752
0.769282
-1.28448
0.432919
-2.20531
-1.8569
-0.0203614
0.279571
-0.0581547
-0.710926
0.488447
-0.41075
-1.01339
0.0821802
0.264722
-0.0650383
0.615023
-0.0718655
-0.356399
1.76232
-2.18605
1.11401
-2.24392
0.35925
1.10592
1.40925
-0.1327
0.837631
0.238566
-0.0441672
-0.725661
0.0566948
0.36769
-1.65614
1.49004
-0.482103
1.514
-0.733068
0.620819
-0.944072
-0.0401902
1.10495
-0.706355
0.568707
