1.26686
-1.02966
0.228971
-0.26008
0.993705
-0.213413
-1.72298
-0.62286
1.84609
0.218211
-0.130223
0.0904966
0.690895
-0.0963167
-3.3011
-1.23899
-0.33191
-0.411224
-0.144025
0.603703
0.495769
0.144844
0.133294
0.248327
-0.173232
-0.557667
-0.257814
0.124003
-0.437256
0.798308
0.815965
0.758638
0.0877359
0.0342255
0.1482
0.00732807
0.115759
0.236523
-0.119176
-0.0496922
-0.602155
-0.0542134
0.284577
0.345563
-0.0941357
-0.177336
0.35779
0.810362
-2.92405
-1.58284
-0.093754
0.211488
-0.245046
0.53392
-0.0957979
0.42394
0.360952
0.747608
0.742991
0.886051
-0.0597052
0.854459
0.473884
-0.483577
-0.943593
0.114502
0.167171
0.244774
-0.0780893
-0.187407
-0.744719
-0.868856
0.547411
0.350513
-1.01973
0.253531
0.0231344
-0.444485
-0.0201324
0.067159
-1.46759
-1.42562
0.196125
0.342561
-1.64247
-0.259564
0.115879
-0.388416
-1.75509
-0.0155002
-0.039242
0.384793
0.343223
-0.663267
-1.38436
-1.30543
-0.0549688
-0.0460169
-1.59121
-0.344086
0.964774
0.000374538
0.279189
-0.921589
0.23306
-0.142533
-0.632402
-0.0198795
1.30902
-0.6303
-0.448388
0.361757
-0.0584408
-0.620016
0.207785
-0.609256
-1.02035
0.105382
0.0366202
-0.117932
0.580959
-0.788203
-1.01407
-0.4186
-1.40716
-0.0434708
0.186237
-1.65179
-0.633715
-1.17481
-0.0374965
-0.150998
-1.38268
0.403891
0.660578
0.739235
-0.866332
-1.03221
1.01655
0.491316
0.85666
-0.66389
0.141011
1.25738
0.308924
-0.144489
0.0685436
0.0122877
-0.0681005
-0.421352
-0.514573
-0.0407649
-0.281026
-0.0385205
0.0588592
-0.116368
-0.380121
0.261364
0.293475
0.162813
1.533
-0.0502235
0.273686
0.0723378
1.20664
-0.397013
-0.670977
-0.898241
0.570711
0.172883
-0.819414
0.211898
-0.342023
-0.647738
-0.920387
-1.60562
0.707965
0.448343
0.565173
0.612014
0.591835
0.649708
0.590005
0.389586
0.200181
0.0996661
0.136917
-0.373109
-0.456119
-0.675222
-0.85377
-1.228
-2.04658
-1.36203
-0.36327
0.0796118
-0.227018
-0.944034
0.504001
0.248423
0.212289
0.398541
0.11341
0.635574
0.255871
0.139418
0.002279
1.70984
-0.236876
-0.955656
-0.32283
0.0179018
0.541111
-0.0451211
-0.867633
-0.304014
-0.506289
-0.591484
0.0161931
0.773596
-0.0853414
-0.292817
0.302492
0.631704
0.0388352
-0.28208
0.0216285
0.0333424
-0.0713132
-0.541746
-0.0970809
0.182868
-0.285625
0.261116
-0.0131454
0.256112
-0.342652
-0.274908
0.406891
1.5935
0.273689
-0.911261
-0.79322
-0.108597
-0.784891
-0.402249
0.00579672
0.359365
-1.0615
-0.494974
-0.299372
-0.3168
-0.218777
0.380909
0.508768
1.35334
-1.85271
-1.90014
-1.01076
-0.0194635
-0.737284
-0.692584
0.0595155
0.20526
0.433944
1.05509
0.816923
0.716793
0.542881
0.955019
1.78558
1.17032
1.87487
1.09465
1.28545
1.06147
0.51246
0.133183
-0.16306
0.010439
-0.435097
0.140303
-0.439457
-0.825132
-0.814872
-0.268785
-0.941081
-2.27815
1.74308
0.607439
0.842097
0.675192
0.73819
0.403448
0.426182
1.10103
0.525461
0.277953
-0.720879
-0.71338
-0.385902
-0.96974
-1.23907
-3.06695
-1.20278
-0.280599
0.244567
0.0686407
-0.0542404
-0.50694
0.345442
-0.0115435
0.233794
-0.31463
0.417438
-0.260669
-0.0838437
-0.137331
-0.104331
0.69637
-1.0536
-0.692787
-0.117387
-0.463457
-0.141658
0.843185
-1.06759
-1.87453
-0.808251
-0.336653
-1.01493
1.53403
-2.30912
-1.40075
0.463987
-0.773009
-1.40561
-0.705954
0.141931
-0.508249
-0.705749
-0.0788679
0.0278068
0.515065
-0.228811
-0.102757
0.158489
0.371888
0.146422
0.440636
0.739321
1.20453
1.61683
0.0374693
0.155588
0.260257
0.486956
0.138978
0.240338
0.461427
0.363125
-0.179391
-0.446073
0.0900495
-0.394416
-0.62037
-0.753314
-1.43833
-0.411169
-0.644278
-1.37851
-0.0980669
-2.24444
-0.823812
-0.820029
-0.293854
0.421334
0.221568
0.045615
0.046074
0.853197
-0.0116573
-0.0822235
0.235342
0.198697
-0.0383151
4.18937e-05
-0.0298242
0.165274
0.221252
0.0608466
0.400067
0.445103
-0.783849
0.132811
-0.0147184
-0.485656
-0.364248
0.0583674
0.452599
2.84013
-0.841462
-2.19922
1.18775
-1.24575
-0.403484
-0.453012
-0.904862
-0.996868
-0.348829
-0.585018
-2.11679
0.479435
0.246928
-1.7384
1.4878
0.548707
0.970123
0.235387
-0.00587818
0.07924
-0.525886
-0.257894
0.210648
1.27793
-0.13684
-0.446681
0.202056
-0.185429
-1.80006
-0.780033
-2.60036
-0.0196431
0.0366176
0.460641
0.410201
0.317501
0.26018
-0.0907472
0.172221
0.120567
-0.105629
-0.0719202
-0.399214
-0.306151
-0.381405
-0.189049
-0.0943119
-1.30655
-0.960648
-0.477276
-0.993013
-0.732124
0.310323
-0.513278
0.229049
0.24169
0.351684
1.28986
0.0964001
-0.197082
1.05186
0.832178
-0.194974
0.894814
0.365259
-0.957839
-0.289726
0.102273
0.53524
0.571791
-0.0701618
0.769282
0.404902
0.622646
0.952451
-0.147858
-0.162297
-0.590795
1.06197
-0.395763
-0.431596
-0.225902
-0.0335032
-0.104553
-0.0356771
0.229453
0.182212
-0.0718655
0.0326097
0.358189
-0.0750997
-0.110519
0.0733276
0.317666
0.653369
-0.478543
0.512196
-0.161545
0.0643502
0.794764
0.766902
-0.861221
0.623079
-1.65614
-0.105233
0.781522
0.440597
-1.05108
-0.329386
-1.8295
1.70848
