row 0:
[-0.01056041 -0.0155939  -0.01319014  0.03358119  0.02602877 -0.00102694
  0.01547643 -0.00463452  0.00102228 -0.02554483 -0.03105275  0.00098624
  0.02635964  0.01440853 -0.00580396 -0.000273    0.03154659 -0.03579638
 -0.04523932  0.01153723 -0.00114303  0.03866497 -0.02594081 -0.00291884
  0.00348823 -0.01384931  0.00407316  0.01712801  0.00619428 -0.01750242
  0.02521967  0.00154792]
row 1:
[ -8.49553384e-03  -1.34116560e-02   1.98132111e-05   3.59764285e-02
   2.86458042e-02   1.63182337e-03   2.23155990e-02  -2.61291885e-03
   2.21844460e-03  -1.68399308e-02  -3.12444195e-02  -8.57163500e-03
   3.14482413e-02   2.47100051e-02  -1.85119698e-03  -5.07785892e-03
   3.29430997e-02  -3.14776227e-02  -4.58988398e-02   6.43046107e-03
  -1.00629369e-03   3.60545255e-02  -3.28012072e-02  -9.50829592e-04
   1.94090861e-03  -1.34999361e-02   6.87431917e-03   1.21840350e-02
   7.22687598e-03  -1.24551589e-02   1.69887170e-02   5.49403194e-04]
row 2:
[ -7.40880053e-03  -9.26245563e-03   1.36054605e-02   3.57617401e-02
   2.76367664e-02   1.49643421e-03   2.84182709e-02  -3.16795264e-03
   5.66781778e-03  -8.09377339e-03  -2.80131605e-02  -1.90305486e-02
   3.68135571e-02   3.41645181e-02   3.67154181e-03  -6.80768257e-03
   3.20381783e-02  -2.57328469e-02  -4.50721867e-02   6.73790812e-04
  -6.02705812e-04   3.31453383e-02  -3.74602899e-02   4.67242389e-05
   4.30696469e-04  -9.84370802e-03   6.40202500e-03   6.07067067e-03
   8.10144655e-03  -4.20480547e-03   6.90499833e-03   9.31095914e-04]
row 3:
[-0.00636712 -0.00443717  0.02669308  0.03315661  0.02484214  0.00364468
  0.03315776 -0.00154315  0.00823528  0.0013338  -0.02305805 -0.02859556
  0.04095509  0.04213327  0.00879773 -0.00786698  0.02974747 -0.01920596
 -0.04268324 -0.00388248  0.00112514  0.02862991 -0.04026605  0.0020905
 -0.00078811 -0.00517255  0.00531839 -0.00118018  0.00828046  0.00424921
 -0.00316488  0.00134904]
row 4:
[-0.0055362   0.00086046  0.03796931  0.02802676  0.01934337  0.00403423
  0.03628708 -0.00286478  0.0123351   0.00983565 -0.01576924 -0.03702319
  0.04305884  0.04690971  0.01443206 -0.00600244  0.02479867 -0.01154121
 -0.03800303 -0.00908486  0.00191534  0.02343773 -0.03987382  0.00266779
 -0.00200597  0.00170611  0.00211706 -0.00827523  0.00870952  0.01437061
 -0.01340646  0.00331281]
row 5:
[-0.00334126  0.00558625  0.04689955  0.02168931  0.0140159   0.00459277
  0.03752525 -0.00315218  0.01472647  0.01810059 -0.00815817 -0.04273242
  0.04196353  0.04912264  0.01863262 -0.00501395  0.01876145 -0.00337149
 -0.03069513 -0.01356244  0.0022756   0.01644842 -0.03721867  0.00314925
 -0.00293817  0.00767873  0.00035439 -0.01474637  0.0083295   0.02307569
 -0.02249386  0.00527673]
row 6:
[-0.00135157  0.01017922  0.05278184  0.01357897  0.00732402  0.00328742
  0.03640386 -0.00295372  0.01686504  0.02489918  0.00027993 -0.04606627
  0.03872926  0.04801108  0.02175224 -0.00268482  0.01116475  0.00516649
 -0.02151345 -0.01708421  0.00301212  0.0085964  -0.03202957  0.00301009
 -0.00384422  0.01373375 -0.00204584 -0.02005027  0.00758524  0.03094325
 -0.03044948  0.00724899]
row 7:
[ -2.71118624e-04   1.34658907e-02   5.59423752e-02   5.62649686e-03
   1.06403686e-03   3.17641068e-03   3.35192345e-02  -2.89743533e-03
   1.69390049e-02   3.07007059e-02   7.85924401e-03  -4.63683568e-02
   3.32534835e-02   4.43373360e-02   2.37430390e-02  -1.58997299e-03
   2.96144071e-03   1.32855466e-02  -1.12486286e-02  -1.97746083e-02
   3.33968434e-03  -6.24639724e-05  -2.53843218e-02   3.27917491e-03
  -4.18928405e-03   1.81204844e-02  -3.70275625e-03  -2.42576785e-02
   5.52668981e-03   3.63631248e-02  -3.63797881e-02   8.97304341e-03]
row 8:
[ 0.00081244  0.01606182  0.0561611  -0.00188171 -0.00447574  0.00227659
  0.02892554 -0.00348758  0.01611527  0.03478923  0.01445897 -0.04446121
  0.02602831  0.03859191  0.02393752 -0.00110403 -0.00494717  0.02077899
 -0.00058161 -0.02174704  0.00358469 -0.00853785 -0.01782446  0.00308057
 -0.00446622  0.02051785 -0.00457456 -0.026334    0.00342461  0.03918284
 -0.04054648  0.0097328 ]
row 9:
[ 0.00235952  0.01705782  0.05383881 -0.00866534 -0.00890664  0.00213915
  0.02346716 -0.00403628  0.01470398  0.03756345  0.01997847 -0.04032167
  0.01721514  0.03096591  0.02316934 -0.00076485 -0.01265242  0.02713692
  0.01017626 -0.02295452  0.0044466  -0.01650992 -0.00966257  0.00256412
 -0.00434967  0.02188487 -0.00432739 -0.02744295  0.00131251  0.04010187
 -0.04265558  0.00969834]
row 10:
[ 0.00352669  0.01708682  0.04960139 -0.01468575 -0.01263393  0.00057702
  0.01680197 -0.00368706  0.01244983  0.03898883  0.02374735 -0.03476095
  0.00803594  0.02277942  0.02139344 -0.00128033 -0.01915954  0.03244174
  0.02033451 -0.02323136  0.00429586 -0.02407321 -0.00185184  0.00229601
 -0.00415208  0.02113782 -0.00366621 -0.02712687 -0.00119217  0.03883187
 -0.04352292  0.00974402]
row 11:
[ 0.00613414  0.01676126  0.04385928 -0.02029614 -0.01557803  0.00041389
  0.01005578 -0.0024602   0.0092271   0.03908781  0.02649965 -0.0281178
 -0.00148412  0.01396812  0.0186882  -0.00193568 -0.02474283  0.03654916
  0.02974874 -0.02297828  0.00354272 -0.03078551  0.00563599  0.00194572
 -0.00439798  0.01953349 -0.00234991 -0.025802   -0.00250807  0.03587624
 -0.04232698  0.00837978]
row 12:
[ 0.00825093  0.01640702  0.03621794 -0.02489704 -0.01814095 -0.00015673
  0.00284844 -0.00156467  0.00625757  0.03729007  0.02895417 -0.02034826
 -0.01078414  0.004985    0.01528581 -0.00237678 -0.02926989  0.03890232
  0.03777302 -0.02161453  0.00239894 -0.03579022  0.01304915  0.0010726
 -0.00407775  0.01817213 -0.00152146 -0.02365237 -0.00425876  0.03207413
 -0.03948914  0.00651017]
row 13:
[  9.01071075e-03   1.44349523e-02   2.82201562e-02  -2.79359426e-02
  -1.87006779e-02   5.13665327e-05  -2.92054284e-03   4.77501380e-05
   2.40716478e-03   3.50021347e-02   2.92492975e-02  -1.23599609e-02
  -1.86513811e-02  -3.66599509e-03   1.13830650e-02  -2.95305415e-03
  -3.28730568e-02   3.95901352e-02   4.38543521e-02  -2.00733878e-02
   2.25028745e-03  -3.94430012e-02   1.95787679e-02   2.72663201e-05
  -3.45727685e-03   1.55927641e-02   5.67848096e-04  -2.07262766e-02
  -5.78160724e-03   2.72065382e-02  -3.54641601e-02   5.27431257e-03]
row 14:
[ 0.0104967   0.01271331  0.01932235 -0.03060417 -0.01934025 -0.00036913
 -0.00865965  0.00026005  0.00043404  0.03124298  0.02984906 -0.00451038
 -0.02648859 -0.01272084  0.00747907 -0.00171734 -0.03614886  0.0394288
  0.04910349 -0.01852555  0.00099194 -0.04161759  0.02600221 -0.00228004
 -0.00274266  0.01446366  0.00192184 -0.01695939 -0.0061033   0.02327161
 -0.03068389  0.00416709]
row 15:
[ 0.0120257   0.01028915  0.00993466 -0.03218915 -0.01858835 -0.00110691
 -0.01362525  0.0009383  -0.00262595  0.02718313  0.02947715  0.00381715
 -0.03370456 -0.02125169  0.00331183 -0.0015241  -0.03870328  0.03812959
  0.05348863 -0.01660243  0.00065201 -0.04301363  0.03190144 -0.0044255
 -0.00197796  0.01240474  0.0041749  -0.01323659 -0.00699204  0.0182406
 -0.02511506  0.00249413]
row 16:
[ 0.01068089  0.0082296   0.00047587 -0.03313342 -0.01878048 -0.00217527
 -0.019618    0.0041825  -0.00578638  0.02202115  0.02803162  0.01192084
 -0.03892213 -0.02851611 -0.00136502 -0.00148238 -0.0391023   0.03592596
  0.05519293 -0.01254433  0.00061408 -0.04339431  0.03610747 -0.00484302
 -0.00098505  0.00949932  0.00494611 -0.00892763 -0.00881662  0.01187483
 -0.0189017   0.0005421 ]
row 17:
[ 0.00883096  0.00544344 -0.00889679 -0.03249596 -0.0183555  -0.00174723
 -0.0243795   0.00355881 -0.00869845  0.01619684  0.02563     0.01935236
 -0.04290318 -0.035648   -0.00496688 -0.00084602 -0.03894213  0.03233227
  0.05496704 -0.00931691  0.00092876 -0.04179944  0.03920715 -0.00498906
 -0.00011342  0.00629662  0.00531285 -0.00454313 -0.00950564  0.00519044
 -0.0117485  -0.0020043 ]
row 18:
[ 0.00774297  0.0034455  -0.01850545 -0.03082244 -0.01788473 -0.00213078
 -0.02992619  0.00336429 -0.01136537  0.00920863  0.02255489  0.02635789
 -0.04584974 -0.04039994 -0.00926118 -0.00167204 -0.03547228  0.02756904
  0.05244422 -0.00405972  0.00043867 -0.03861617  0.04036853 -0.00394185
  0.00077164  0.00168271  0.00492155  0.00016025 -0.0106809  -0.00294966
 -0.00433695 -0.00464987]
row 19:
[  5.61266998e-03   3.15550387e-05  -2.73907650e-02  -2.82164160e-02
  -1.69515088e-02  -2.71273940e-03  -3.37758772e-02   4.10345104e-03
  -1.35043385e-02   1.80177065e-03   1.77240297e-02   3.21827419e-02
  -4.60596457e-02  -4.40360829e-02  -1.25271427e-02  -1.08823308e-03
  -3.07094343e-02   2.13281903e-02   4.70593199e-02   1.53190142e-03
   1.65059976e-03  -3.34745869e-02   3.96579430e-02  -2.23530084e-03
   1.30790321e-03  -3.16019985e-03   4.15721675e-03   4.42471774e-03
  -1.09013384e-02  -1.10641140e-02   3.52764898e-03  -6.68136170e-03]
row 20:
[ 0.00414731 -0.00250726 -0.03566556 -0.0247271  -0.01638618 -0.0033091
 -0.0376308   0.00412891 -0.01483896 -0.00654587  0.01230887  0.03694032
 -0.04485955 -0.04560437 -0.01520891 -0.00076341 -0.02380959  0.01409488
  0.03975652  0.00747283 -0.00065084 -0.02695412  0.03697723 -0.00010184
  0.00175822 -0.00803899  0.00199555  0.00902412 -0.01048269 -0.01888565
  0.01151911 -0.00788635]
row 21:
[ 0.00328133 -0.00432588 -0.04368904 -0.02016002 -0.01495656 -0.00372724
 -0.04005117  0.00521757 -0.01722587 -0.01570722  0.006203    0.04081943
 -0.04135389 -0.04520131 -0.01833474 -0.00117805 -0.0147502   0.00520537
  0.02961412  0.01450372 -0.00131007 -0.01839166  0.03246255  0.00306544
  0.00136875 -0.01354482 -0.00018037  0.01339608 -0.00969805 -0.0280831
  0.02063769 -0.01136533]
row 22:
[  8.01610411e-04  -7.29824742e-03  -4.98150401e-02  -1.37730753e-02
  -1.21370098e-02  -1.89641083e-03  -3.94610167e-02   4.59138304e-03
  -1.74150504e-02  -2.46572047e-02  -7.43767654e-04   4.31252047e-02
  -3.52476537e-02  -4.27878499e-02  -2.00611390e-02  -4.88811156e-06
  -5.29019674e-03  -4.98054968e-03   1.72893554e-02   2.02817991e-02
  -2.78840889e-03  -7.64491595e-03   2.67847758e-02   4.15190076e-03
   2.31106486e-03  -1.71654448e-02  -2.47834413e-03   1.76005904e-02
  -7.94531498e-03  -3.44327986e-02   2.92071402e-02  -1.11901192e-02]
row 23:
[-0.00110592 -0.01056385 -0.05447992 -0.00603524 -0.00702794 -0.00263974
 -0.03651661  0.00350921 -0.01667277 -0.03280361 -0.00840816  0.04325756
 -0.02789784 -0.03916483 -0.02159217  0.00145401  0.00429342 -0.01557742
  0.00391859  0.02487963 -0.00372607  0.00376781  0.01977514  0.00463914
  0.00275063 -0.020289   -0.00330607  0.02174371 -0.00571003 -0.03940303
  0.03673706 -0.01094716]
row 24:
[-0.00162652 -0.0126358  -0.05705995  0.00103731 -0.00281594 -0.00302611
 -0.03233441  0.00313433 -0.01490162 -0.04019393 -0.01480423  0.04215236
 -0.01958266 -0.03383788 -0.02207743  0.00334754  0.01365759 -0.02499098
 -0.00894368  0.02852958 -0.00500709  0.01507847  0.01240798  0.00404073
  0.00275558 -0.02175016 -0.0047267   0.02502626 -0.00239273 -0.04242196
  0.04311221 -0.01077943]
row 25:
[-0.00255341 -0.01548216 -0.05720646  0.00903649  0.00412434 -0.00103443
 -0.02514604  0.00286639 -0.01286515 -0.04472755 -0.02113604  0.03949518
 -0.01064523 -0.02771601 -0.02187653  0.00509774  0.02082613 -0.03428844
 -0.0206984   0.0297509  -0.00567799  0.02542643  0.00524034  0.00176607
  0.00386915 -0.02162229 -0.00383124  0.02711959  0.00083388 -0.04261076
  0.04755857 -0.00896967]
row 26:
[-0.00289989 -0.01686285 -0.05448593  0.01574933  0.01063821 -0.00068855
 -0.01637326  0.00281874 -0.01006325 -0.04721387 -0.02578935  0.03483453
 -0.00185462 -0.02068899 -0.02126951  0.00690557  0.02631931 -0.04078928
 -0.03073464  0.02880401 -0.00683167  0.03395958 -0.0013591  -0.00161683
  0.00387818 -0.01975035 -0.00261169  0.0284576   0.00433883 -0.0402742
  0.04948694 -0.00705308]
row 27:
[-0.00334409 -0.01840157 -0.04905785  0.02232734  0.01784679  0.00045803
 -0.00618563  0.00155442 -0.00611951 -0.04657336 -0.02869361  0.02927468
  0.00569915 -0.01385593 -0.0193175   0.00886268  0.02859588 -0.04487344
 -0.03738573  0.02504592 -0.00701261  0.04013202 -0.00662807 -0.00679363
  0.00489168 -0.01553481  0.00050153  0.02846543  0.00753888 -0.03448632
  0.04895687 -0.00452758]
row 28:
[-0.00302004 -0.01896119 -0.04104744  0.02684586  0.02491475  0.00073981
  0.00441246  0.00081824 -0.00245157 -0.04217016 -0.02959451  0.02207416
  0.0120475  -0.00728411 -0.01694569  0.01007219  0.02754186 -0.04572421
 -0.0399774   0.01922639 -0.00567892  0.04255962 -0.01026141 -0.0122402
  0.0056136  -0.0108402   0.00479815  0.02692863  0.01010686 -0.02650294
  0.044582   -0.00140216]
row 29:
[-0.00373187 -0.01835609 -0.03020087  0.02918685  0.02945879  0.00130692
  0.01396769  0.00105617  0.00062462 -0.03490793 -0.02848033  0.01427395
  0.01671824 -0.00061068 -0.01356892  0.00967563  0.02449793 -0.042404
 -0.03950808  0.01255066 -0.00458629  0.04106645 -0.01292421 -0.01602368
  0.00573234 -0.00559776  0.00839302  0.0235086   0.01071762 -0.01738957
  0.03752736  0.0016191 ]
row 30:
[ -3.68771213e-03  -1.69497002e-02  -1.81477200e-02   3.00182998e-02
   3.29518914e-02   1.63690804e-03   2.23659761e-02  -1.00718148e-03
   4.26239986e-03  -2.51379814e-02  -2.52881441e-02   6.11466821e-03
   1.89506020e-02   4.51842230e-03  -9.48692951e-03   9.14764125e-03
   1.83022749e-02  -3.60515229e-02  -3.45783830e-02   3.40282079e-03
  -2.77595920e-03   3.64803858e-02  -1.35925030e-02  -2.06066053e-02
   6.00815890e-03  -2.92337936e-05   1.27313659e-02   1.95096824e-02
   1.16353538e-02  -6.88101444e-03   2.78827082e-02   3.75754549e-03]
row 31:
[-0.00171779 -0.01448772 -0.00509012  0.02804597  0.03488376  0.0032479
  0.02903179 -0.00117331  0.00632236 -0.0127002  -0.02007189 -0.00183012
  0.01841703  0.00892249 -0.0055657   0.00670375  0.01041741 -0.02680998
 -0.02597593 -0.0055612  -0.00025504  0.02805109 -0.01263909 -0.02325063
  0.00572552  0.00504684  0.01744484  0.01345564  0.01117192  0.00344399
  0.01620503  0.00523155]
row 32:
[-0.00137673 -0.01113537  0.00845187  0.02358752  0.03313476  0.00225564
  0.03290854 -0.0008497   0.00839237  0.0004175  -0.01349724 -0.00938835
  0.01650141  0.01238062 -0.00095992  0.00416978  0.0014994  -0.01464034
 -0.01519807 -0.01430062  0.00137838  0.01701534 -0.01046412 -0.02434577
  0.00488208  0.00982715  0.02009009  0.00684442  0.00923994  0.01378902
  0.00294267  0.00722674]
row 33:
[  1.71535969e-04  -6.21919613e-03   1.99950915e-02   1.67577267e-02
   2.83502080e-02   2.18613399e-03   3.28414179e-02  -3.61604507e-05
   9.41957254e-03   1.31088281e-02  -5.08346548e-03  -1.53282927e-02
   1.21207992e-02   1.33505743e-02   3.08680348e-03   1.73735525e-03
  -8.13117530e-03  -1.55129097e-03  -2.21218728e-03  -2.15043593e-02
   3.81871941e-03   4.27428959e-03  -6.76545175e-03  -2.33131740e-02
   3.72025999e-03   1.40133603e-02   2.14030147e-02  -1.08685572e-06
   7.25708576e-03   2.22407803e-02  -9.55721829e-03   6.01746282e-03]
row 34:
[ 0.00178909 -0.0009941   0.02956112  0.00822101  0.02132991  0.00342512
  0.03040147 -0.00034967  0.00878031  0.02487053  0.0039948  -0.01940831
  0.00641244  0.01307142  0.00691582 -0.00151917 -0.01749244  0.01148542
  0.01129081 -0.02703495  0.00559592 -0.00888182 -0.00164744 -0.02048518
  0.00244972  0.01682446  0.02075177 -0.0073475   0.00408261  0.0286671
 -0.0212329   0.00551154]
row 35:
[ 0.00252619  0.00440208  0.03549948 -0.00160465  0.01177018  0.00274347
  0.02429094  0.00100996  0.00845145  0.03351802  0.01297364 -0.02125571
 -0.00037777  0.01071101  0.00925387 -0.00324599 -0.02524537  0.02362678
  0.02367348 -0.02937847  0.00714928 -0.02116378  0.00416746 -0.01637327
  0.00103383  0.01895178  0.01797756 -0.01323965  0.00057078  0.03266802
 -0.03060337  0.00439362]
row 36:
[ 0.00410361  0.00893359  0.03679208 -0.01215048  0.00067441  0.00197972
  0.01566697  0.00073443  0.00785576  0.03874734  0.02172779 -0.02008171
 -0.00850248  0.00496743  0.01131603 -0.00277414 -0.03270915  0.03350588
  0.03561808 -0.03000615  0.00846329 -0.03167013  0.01138948 -0.01204142
 -0.00031788  0.0207036   0.01361379 -0.01803301 -0.00195211  0.03447864
 -0.03646958  0.00235711]
row 37:
[ 0.00680547  0.01301323  0.03379577 -0.0225992  -0.0100437   0.0019966
  0.00496845  0.00193373  0.00503911  0.04060779  0.02878085 -0.01583664
 -0.01732274 -0.00167857  0.01107125 -0.00336741 -0.03751148  0.0404988
  0.04585222 -0.02748214  0.0071333  -0.04052512  0.01884358 -0.00703504
 -0.00146066  0.01994804  0.00879051 -0.02085816 -0.00481425  0.03258926
 -0.03884362  0.00128502]
row 38:
[  7.93850236e-03   1.53934481e-02   2.65770666e-02  -3.15395892e-02
  -1.98445302e-02   5.70420292e-04  -6.03312906e-03   3.36842844e-03
   1.95691618e-03   3.80720086e-02   3.35967317e-02  -9.10994504e-03
  -2.54691318e-02  -1.01732686e-02   9.23004095e-03  -2.19423743e-03
  -4.03279997e-02   4.41302061e-02   5.24895415e-02  -2.26207655e-02
   5.97701408e-03  -4.58886363e-02   2.60983203e-02  -2.51212646e-03
  -2.61197495e-03   1.86244417e-02   3.50645161e-03  -2.10941732e-02
  -7.37339072e-03   2.81460527e-02  -3.67527716e-02  -3.30579169e-05]
row 39:
[  8.68576951e-03   1.57288183e-02   1.53451320e-02  -3.76730524e-02
  -2.72155050e-02  -6.53220282e-04  -1.69837642e-02   2.46591331e-03
  -6.02326356e-04   3.18776779e-02   3.61816771e-02   8.38751585e-05
  -3.33956368e-02  -2.02137511e-02   6.32427773e-03   2.03421878e-04
  -4.18089256e-02   4.39286679e-02   5.68814315e-02  -1.69548262e-02
   4.14815731e-03  -4.76734862e-02   3.32403146e-02  -2.66177754e-04
  -2.41636019e-03   1.66694243e-02  -1.06202625e-03  -1.84954219e-02
  -8.88668466e-03   2.20729057e-02  -3.09275351e-02  -9.46046843e-04]
row 40:
[ 0.00938485  0.01367558  0.00196906 -0.04071965 -0.03015094 -0.00126738
 -0.02615499  0.00282305 -0.00509641  0.02391049  0.03505727  0.01044783
 -0.04012027 -0.02982723  0.0014758   0.00101723 -0.04094361  0.04021004
  0.05809315 -0.01006736  0.00284638 -0.04694704  0.03878047  0.00167687
 -0.00197511  0.01198409 -0.0030895  -0.01405254 -0.01048441  0.0130429
 -0.02234809 -0.00161188]
row 41:
[ 0.0089975   0.00969771 -0.01148211 -0.04050894 -0.0302279  -0.00268565
 -0.03291992  0.00229644 -0.00846563  0.0141834   0.0310062   0.0206665
 -0.04504841 -0.03815737 -0.00353578  0.00207438 -0.03817785  0.03464767
  0.05625995 -0.00393482 -0.00016414 -0.043446    0.04226337  0.00151018
 -0.0013163   0.00687662 -0.0039683  -0.0074665  -0.01098706  0.00393105
 -0.01221575 -0.00095683]
row 42:
[  9.12773144e-03   4.26702341e-03  -2.45835185e-02  -3.63431238e-02
  -2.55876333e-02  -4.15592035e-03  -3.70461568e-02   1.51286914e-03
  -1.18969558e-02   4.48815012e-03   2.44312938e-02   3.01410910e-02
  -4.85286936e-02  -4.49476652e-02  -9.08828527e-03   1.79579738e-03
  -3.41513045e-02   2.68221758e-02   5.25648110e-02   1.21563138e-03
  -2.14901147e-03  -3.80775370e-02   4.33955677e-02   6.22264051e-05
  -7.89217083e-05   7.04804959e-04  -1.52563001e-03   2.38429478e-04
  -1.08051952e-02  -5.75416535e-03  -1.25264644e-03  -1.89653004e-03]
row 43:
[ 0.00830502 -0.00154492 -0.03455459 -0.02976904 -0.01849119 -0.00456871
 -0.03798257  0.00211517 -0.0159767  -0.00388851  0.01582425  0.03727609
 -0.04868979 -0.047779   -0.01424028 -0.00070379 -0.0281998   0.01841935
  0.04620354  0.00573858 -0.0035827  -0.03166455  0.04144137 -0.00101024
  0.00091027 -0.00673987  0.00204497  0.00748913 -0.010775   -0.0154745
  0.00862438 -0.00248816]
row 44:
[ 0.00565202 -0.00788298 -0.04026903 -0.02012357 -0.00907187 -0.00430576
 -0.03540931  0.0016653  -0.01846017 -0.01037581  0.00568082  0.0409604
 -0.04580569 -0.0469478  -0.01789724 -0.00389818 -0.02117867  0.01002848
  0.03740599  0.00814613 -0.00503753 -0.02418951  0.03619792 -0.00241859
  0.00215144 -0.01367494  0.0067401   0.01421843 -0.01032179 -0.02313
  0.01660932 -0.00258583]
row 45:
[  3.41729564e-03  -1.33595895e-02  -4.13111821e-02  -8.52550752e-03
   1.73961278e-03  -4.93388250e-03  -3.01222038e-02  -5.37656570e-06
  -2.01301724e-02  -1.42293526e-02  -4.87241615e-03   4.05950435e-02
  -4.01858278e-02  -4.18443158e-02  -1.99151877e-02  -8.90271645e-03
  -1.29103456e-02   2.52878759e-03   2.73164418e-02   8.73717386e-03
  -5.45436703e-03  -1.64948571e-02   2.76853926e-02  -2.94004264e-03
   2.75715347e-03  -2.10543163e-02   1.23207225e-02   1.94764286e-02
  -9.51141492e-03  -2.93446910e-02   2.16289014e-02  -3.77882598e-03]
row 46:
[ 0.00168189 -0.01736126 -0.03689386  0.00306125  0.01195591 -0.00395902
 -0.02245824 -0.00045019 -0.02058309 -0.01487798 -0.01465716  0.03595572
 -0.03146228 -0.03210124 -0.01978102 -0.01469277 -0.0037719  -0.00341821
  0.01629832  0.00827461 -0.00493545 -0.00923403  0.01643906 -0.00222302
  0.00289019 -0.02751901  0.01721145  0.02197245 -0.00818696 -0.03293252
  0.02296893 -0.00454472]
row 47:
[ -6.39847713e-04  -1.90483890e-02  -2.82708686e-02   1.35095725e-02
   1.96147840e-02  -3.38774617e-03  -1.38358241e-02  -2.64747156e-04
  -1.89511143e-02  -1.32899825e-02  -2.24024933e-02   2.74285916e-02
  -2.02436559e-02  -1.93420351e-02  -1.73327196e-02  -1.94970183e-02
   5.33297565e-03  -7.73744844e-03   4.56345873e-03   6.99886633e-03
  -3.93205043e-03  -2.42564571e-03   3.54964728e-03  -4.74625995e-05
   2.31098873e-03  -3.14979851e-02   1.95999742e-02   2.16189679e-02
  -6.77584345e-03  -3.34580876e-02   2.09762733e-02  -5.82831679e-03]
row 48:
[-0.00157221 -0.01839696 -0.01593363  0.02198906  0.02484167 -0.00100173
 -0.00409319 -0.00024684 -0.01639625 -0.00937153 -0.02773344  0.01611904
 -0.00775815 -0.00430983 -0.01288616 -0.02361482  0.01380307 -0.01019115
 -0.00637231  0.00416203 -0.00356742  0.00343743 -0.00964856  0.00259866
  0.00100888 -0.03325873  0.02041183  0.01868008 -0.0041411  -0.03113921
  0.01636742 -0.00718339]
row 49:
[-0.00242126 -0.01510126 -0.00187226  0.02786166  0.02682498  0.00077823
  0.00495723  0.00068848 -0.01230719 -0.00434482 -0.02976205  0.00299397
  0.0052387   0.01159548 -0.00744804 -0.0259598   0.0215371  -0.01131357
 -0.01673948  0.0020168  -0.00288226  0.00845278 -0.02214032  0.00631047
 -0.00038251 -0.03180498  0.01872148  0.01346136 -0.00208241 -0.02598438
  0.00974915 -0.00819572]
row 50:
[-0.00320471 -0.01035307  0.01281724  0.03018671  0.02502909  0.00211544
  0.01369769  0.00051433 -0.00684503  0.00121649 -0.02855287 -0.01083169
  0.01825967  0.02617043 -0.00036767 -0.0248674   0.02668924 -0.01081482
 -0.0253397  -0.00070313 -0.00133188  0.01267743 -0.03219778  0.00958972
 -0.00217472 -0.0271515   0.01425614  0.00650755  0.0007425  -0.01784561
  0.0017676  -0.00778825]
row 51:
[-0.00295488 -0.00478665  0.02662095  0.02983785  0.02142377  0.00422757
  0.02108463 -0.00024951 -0.00076337  0.0071634  -0.02473641 -0.02365988
  0.02887476  0.03856649  0.00678269 -0.02218925  0.02935563 -0.00916222
 -0.03099991 -0.00347805 -0.00135872  0.01516404 -0.03925235  0.01194057
 -0.00330799 -0.02008546  0.0088776  -0.00110999  0.00322019 -0.00754937
 -0.00680018 -0.00511468]
row 52:
[-0.00109534  0.00152155  0.03773896  0.02598737  0.01589584  0.00413944
  0.02696207 -0.00086333  0.00547947  0.01238631 -0.0181175  -0.03441682
  0.03643853  0.04684569  0.01302986 -0.01697544  0.02859981 -0.00605038
 -0.03299836 -0.00647866 -0.00050557  0.01601913 -0.04202217  0.01234963
 -0.00502827 -0.01091911  0.00299788 -0.00845961  0.00608363  0.00363
 -0.01496037 -0.00270258]
row 53:
[-0.00024889  0.00694557  0.04593705  0.02036545  0.00956347  0.00510188
  0.03048137 -0.00038391  0.01094906  0.01723627 -0.01020148 -0.04142109
  0.04029012  0.05104453  0.018233   -0.01106782  0.02481603 -0.00213609
 -0.03136194 -0.00907024 -0.00026927  0.0145948  -0.04087634  0.01138011
 -0.00529182 -0.00056907 -0.00235208 -0.01521412  0.00735127  0.01490952
 -0.02189885  0.0009743 ]
row 54:
[ 0.00119231  0.01149953  0.05064923  0.01307386  0.00388272  0.00492244
  0.032493   -0.00094879  0.01504098  0.02165375 -0.00164628 -0.04544757
  0.04021668  0.0501086   0.02157517 -0.00436888  0.01739164  0.00262594
 -0.02572149 -0.0127307   0.00043825  0.01104141 -0.03562142  0.0083558
 -0.00555387  0.0093381  -0.00587551 -0.02013404  0.00876544  0.02525672
 -0.02775427  0.00436606]
row 55:
[ 0.00279587  0.01488651  0.05248735  0.00521804 -0.00132241  0.0051047
  0.0321935  -0.0016542   0.01740274  0.02552361  0.00713095 -0.04558149
  0.03564208  0.04574999  0.02319416  0.00065142  0.00832271  0.00856943
 -0.01679633 -0.01589654  0.00012669  0.00520289 -0.02747282  0.00466884
 -0.00512791  0.01825492 -0.00769726 -0.02372447  0.00829943  0.03385871
 -0.03204144  0.00796384]
row 56:
[ 0.00269784  0.01602947  0.05165402 -0.00182091 -0.00469408  0.00259235
  0.03011527 -0.00276047  0.01813957  0.02914115  0.01418507 -0.04307019
  0.02858957  0.03815569  0.02319987  0.00433438 -0.00221382  0.01490317
 -0.0056585  -0.01918112  0.0016036  -0.00223021 -0.01772404  0.00052562
 -0.00413295  0.02404561 -0.0070129  -0.02511056  0.00644485  0.03980244
 -0.03557902  0.01118232]
row 57:
[ 0.00357095  0.01606024  0.04928825 -0.00866689 -0.00729356  0.00195085
  0.02617794 -0.00352456  0.01680166  0.03275312  0.01998965 -0.0384227
  0.01883654  0.02879786  0.02204552  0.00556795 -0.01284697  0.02193201
  0.0071937  -0.02209159  0.00259811 -0.01137322 -0.00757831 -0.00266024
 -0.00331314  0.02684597 -0.00484814 -0.0254199   0.00420718  0.04276258
 -0.03807535  0.01319115]
row 58:
[ 0.00433995  0.01498873  0.04578127 -0.01381921 -0.00834111  0.00034241
  0.02108822 -0.00497854  0.01389418  0.03600525  0.02382929 -0.03236998
  0.00771034  0.01928682  0.01990841  0.00365953 -0.02229917  0.02890721
  0.02024952 -0.02488315  0.00281358 -0.02098951  0.00184496 -0.00509421
 -0.00262203  0.02623682 -0.00123748 -0.02450761  0.00080722  0.04260892
 -0.03993153  0.01394301]
row 59:
[ 0.00487875  0.01287193  0.04252878 -0.01716147 -0.00781811 -0.00069174
  0.01560413 -0.00424289  0.00927143  0.03934497  0.02492613 -0.02608673
 -0.00294516  0.01111595  0.01686947 -0.00099557 -0.02927824  0.03541261
  0.03192476 -0.02682891  0.00342545 -0.03059065  0.00893896 -0.00573957
 -0.0022367   0.02202969  0.0040632  -0.02272169 -0.00277342  0.03930447
 -0.04107111  0.0130565 ]
row 60:
[ 0.00503829  0.01125265  0.03924608 -0.01942075 -0.00811096 -0.00214733
  0.00916523 -0.00400126  0.00499481  0.04162863  0.02519076 -0.02054384
 -0.01222326  0.00426494  0.01429225 -0.00610493 -0.03392822  0.0408935
  0.04124946 -0.02756176  0.00393038 -0.03873741  0.01377808 -0.00438959
 -0.00224467  0.01666811  0.00783564 -0.02091984 -0.00627173  0.03450914
 -0.0416934   0.01037938]
row 61:
[ 0.00614644  0.01018023  0.03627357 -0.02095753 -0.00868701 -0.00175302
  0.00300221 -0.00337491  0.00010386  0.04310818  0.02447496 -0.01572898
 -0.01947555 -0.00030111  0.01192171 -0.01212395 -0.03575205  0.04481739
  0.04791034 -0.02720282  0.00425346 -0.04496897  0.0164648  -0.00155855
 -0.00279323  0.00988023  0.01055421 -0.01954308 -0.00888647  0.02802461
 -0.04157857  0.00658141]
row 62:
[ 0.00662008  0.00867157  0.0343492  -0.02098142 -0.00856396 -0.00073018
 -0.00165398 -0.00242213 -0.00395413  0.0439062   0.02221053 -0.01238311
 -0.02414469 -0.00233124  0.01009891 -0.01779641 -0.03493859  0.04687198
  0.05099546 -0.02614674  0.00321428 -0.04886992  0.01671115  0.00190839
 -0.00320915  0.00319709  0.01263473 -0.0183736  -0.0110622   0.02190945
 -0.04107372  0.00440861]
row 63:
[ 0.00753298  0.00767543  0.03314247 -0.02007928 -0.00849731 -0.00212493
 -0.00502254 -0.00229806 -0.00675324  0.04347241  0.01932731 -0.01080734
 -0.02625518 -0.00246462  0.00903784 -0.02221298 -0.03214022  0.04765949
  0.05124858 -0.02484564  0.00162802 -0.05035223  0.01492374  0.00548629
 -0.00436951 -0.00299541  0.01366092 -0.01695013 -0.01195387  0.01645103
 -0.04024353  0.00227273]
row 64:
[ 0.00977177  0.00740036  0.03236396 -0.01888968 -0.00830349 -0.00160664
 -0.0069181  -0.00190077 -0.00860279  0.04242721  0.01699672 -0.01017344
 -0.02638306 -0.00105478  0.00854578 -0.02537014 -0.02850752  0.04686205
  0.04987112 -0.02306809  0.00027215 -0.049833    0.0123047   0.00829165
 -0.00521672 -0.00747917  0.01382404 -0.01615149 -0.01156955  0.01233004
 -0.03899432  0.00048208]
row 65:
[ 0.01108817  0.00688977  0.03228304 -0.01723855 -0.00706929 -0.00047031
 -0.00629948 -0.00112115 -0.00944611  0.04139     0.01467968 -0.01065389
 -0.02454172  0.00126855  0.0083965  -0.02699058 -0.02523582  0.04481718
  0.04690322 -0.02189057 -0.00080608 -0.0478315   0.00955599  0.00957367
 -0.00572757 -0.00988129  0.01372662 -0.01588633 -0.01087852  0.01018081
 -0.0379855   0.00034007]
row 66:
[ 0.0118377   0.00630461  0.03323664 -0.0151149  -0.00512119  0.00018266
 -0.00388956 -0.0004369  -0.00893237  0.04051021  0.01254893 -0.0119027
 -0.0221113   0.0039365   0.00852497 -0.02721145 -0.02260884  0.04291238
  0.04363954 -0.02215004 -0.00268038 -0.04534059  0.00688352  0.0089263
 -0.00610112 -0.01018664  0.01421742 -0.01533599 -0.00940933  0.01013116
 -0.03714384  0.00086273]
row 67:
[ 0.01306463  0.00623597  0.03438038 -0.01315642 -0.00274002  0.00012741
 -0.00084465 -0.00040394 -0.00753317  0.0402318   0.01180852 -0.01353248
 -0.01996795  0.00596211  0.00882502 -0.02624909 -0.02162241  0.04119177
  0.04160837 -0.02328449 -0.0032056  -0.04307409  0.00520509  0.00692905
 -0.0060094  -0.00858817  0.01541268 -0.01508523 -0.00765429  0.01185377
 -0.03681818  0.0007189 ]
row 68:
[ 0.01313301  0.00674019  0.03617738 -0.01246776 -0.00144725  0.00063429
  0.00209543  0.00077883 -0.00658429  0.04089437  0.01221497 -0.01533986
 -0.01756488  0.00794088  0.00931451 -0.02523359 -0.0217412   0.0403368
  0.0403102  -0.02404937 -0.00235672 -0.04182998  0.00442703  0.00544919
 -0.00576985 -0.00630313  0.01580589 -0.01589739 -0.00700796  0.01423084
 -0.03747614  0.00117928]
row 69:
[ 0.0123498   0.00693435  0.03854046 -0.01239052 -0.00059699  0.00176329
  0.00527481  0.00039034 -0.00476769  0.04234309  0.01331621 -0.01726766
 -0.01604572  0.00878151  0.01037339 -0.02317769 -0.02369756  0.04066017
  0.04039137 -0.02630516 -0.00197258 -0.04152377  0.00485705  0.00292762
 -0.00527004 -0.00285912  0.01614608 -0.01678951 -0.00610154  0.01812466
 -0.03896004  0.00280744]
row 70:
[ 0.0135167   0.00797182  0.03987053 -0.01364751 -0.0004565   0.00156991
  0.00697304 -0.00034564 -0.00264069  0.04398699  0.01610859 -0.01838893
 -0.01696788  0.00794031  0.01087951 -0.02089083 -0.02699981  0.04214494
  0.04301002 -0.02880635 -0.00130444 -0.04259118  0.00697871 -0.00012333
 -0.00500185  0.00122192  0.01689306 -0.01772461 -0.00512998  0.02216013
 -0.040742    0.00286177]
row 71:
[ 0.01335368  0.00828994  0.0415239  -0.01554365 -0.00070693  0.00148242
  0.0078602   0.00065936 -0.00241015  0.04670622  0.01840313 -0.0186396
 -0.01838657  0.00695134  0.01140023 -0.02028057 -0.03064781  0.04457583
  0.04666547 -0.03071873 -0.0002641  -0.04543582  0.00954116 -0.00168326
 -0.00453653  0.00373246  0.01802406 -0.01925712 -0.00597495  0.02518705
 -0.04299719  0.00398384]
row 72:
[  1.16282031e-02   9.34737641e-03   4.26490903e-02  -1.79269761e-02
  -2.74417712e-03   9.33234405e-05   6.45230617e-03   1.50089967e-03
  -2.50189542e-03   4.87643555e-02   2.06260793e-02  -1.87300798e-02
  -2.01044716e-02   5.31886099e-03   1.16068386e-02  -1.99662019e-02
  -3.37525569e-02   4.77152988e-02   5.00985458e-02  -3.14951502e-02
   3.30538285e-04  -4.89151068e-02   1.17771216e-02  -1.34670991e-03
  -4.45036078e-03   4.99389740e-03   1.76923368e-02  -1.99942105e-02
  -7.52175832e-03   2.68436968e-02  -4.51439247e-02   4.34016949e-03]
row 73:
[ 0.01021944  0.01048616  0.04259571 -0.01978797 -0.00551036 -0.00021388
  0.00364494 -0.00017142 -0.00370785  0.04988173  0.02267209 -0.01785235
 -0.02236116  0.00336447  0.01191518 -0.02105211 -0.03574321  0.05039428
  0.05297801 -0.03126204  0.00181709 -0.05173719  0.01361739  0.00075971
 -0.00462808  0.00438717  0.01653252 -0.02077312 -0.00948488  0.02601383
 -0.04613419  0.00266874]
row 74:
[ 0.00762559  0.01097965  0.04165309 -0.02069317 -0.00839821 -0.0004337
 -0.0006583  -0.00058973 -0.0053081   0.04994242  0.02290274 -0.01659331
 -0.02361382  0.00264239  0.01156079 -0.02339932 -0.03483704  0.05171858
  0.05354587 -0.02870391  0.0035915  -0.05340264  0.01376678  0.00478156
 -0.004422    0.00113817  0.01461311 -0.02108771 -0.01232473  0.02264462
 -0.0465875   0.00151581]
row 75:
[ 0.00568789  0.01122373  0.03944619 -0.02171723 -0.01261705 -0.00128526
 -0.00579106 -0.00063539 -0.00625226  0.04795847  0.02207182 -0.01543439
 -0.02389544  0.0017141   0.01154994 -0.02409615 -0.03195687  0.05160571
  0.05166309 -0.02492532  0.0050184  -0.05314512  0.01248518  0.01015379
 -0.00529583 -0.0026548   0.01095202 -0.02109488 -0.01355913  0.01785483
 -0.04541388 -0.00090089]
row 76:
[ 0.00467388  0.01222023  0.03573115 -0.02179069 -0.01765105 -0.00199973
 -0.01238223 -0.00044531 -0.00806042  0.04347467  0.02010795 -0.01344327
 -0.02309261  0.00252243  0.01128409 -0.02608127 -0.02534236  0.04920264
  0.04698347 -0.01882965  0.00338605 -0.05069194  0.00925073  0.01726355
 -0.00629406 -0.00801823  0.00560094 -0.02054438 -0.01490262  0.01065123
 -0.04207524 -0.00393982]
row 77:
[ 0.00419795  0.01319017  0.03053529 -0.02111777 -0.02187813 -0.00150647
 -0.01768759  0.00107183 -0.01016073  0.03661047  0.01686184 -0.01162125
 -0.01954443  0.00421204  0.0101375  -0.02653366 -0.01632729  0.04350079
  0.03846949 -0.01095721  0.00279063 -0.04475768  0.00471028  0.0243248
 -0.00758084 -0.01352517 -0.00034539 -0.01919796 -0.01448894  0.00225643
 -0.03629374 -0.00731695]
row 78:
[  2.80459132e-03   1.35458997e-02   2.38265079e-02  -1.93018038e-02
  -2.59636827e-02  -6.57191616e-04  -2.16102805e-02   7.71429273e-04
  -9.71695129e-03   2.69402862e-02   1.35058304e-02  -9.62096080e-03
  -1.42994728e-02   5.94362058e-03   9.53787006e-03  -2.36995760e-02
  -6.35448983e-03   3.49280611e-02   2.67446842e-02  -2.39573279e-03
   8.41404893e-04  -3.50728035e-02  -7.48102320e-05   2.94475332e-02
  -7.98553042e-03  -1.60010643e-02  -8.11900944e-03  -1.73248425e-02
  -1.32281994e-02  -4.33377456e-03  -2.84877401e-02  -8.52152426e-03]
row 79:
[ 0.0023041   0.01312319  0.01527255 -0.01653053 -0.0279518  -0.00114525
 -0.02382344  0.00068321 -0.00857269  0.01552832  0.00933194 -0.00716816
 -0.00806828  0.00707553  0.00805522 -0.01884711  0.00375975  0.02394667
  0.01373135  0.0058804  -0.00058695 -0.02301468 -0.004541    0.03191317
 -0.00819407 -0.01753755 -0.01476544 -0.01410119 -0.01031704 -0.01056339
 -0.01900385 -0.00957833]
row 80:
[ 0.0020643   0.01218023  0.00577612 -0.01361836 -0.0288182  -0.00012419
 -0.02456116  0.00210333 -0.00681212  0.00317208  0.00529968 -0.0039762
 -0.00156138  0.00759212  0.00610443 -0.01217094  0.01325697  0.01152482
  0.00014528  0.01424154 -0.00259613 -0.00982393 -0.00820665  0.0322682
 -0.00770503 -0.01665803 -0.02091687 -0.01052874 -0.00675723 -0.01530085
 -0.00807715 -0.00942268]
row 81:
[ 0.00113009  0.01056312 -0.00461559 -0.01008135 -0.02787653 -0.0003379
 -0.02347312  0.00220098 -0.00432476 -0.00966381  0.00145231 -0.00030502
  0.00484213  0.0066793   0.00377552 -0.00383923  0.02074553 -0.00158596
 -0.01287606  0.02092621 -0.00458685  0.00402987 -0.01029842  0.02945337
 -0.00666969 -0.01387094 -0.02586918 -0.00591782 -0.00275666 -0.01834262
  0.00337944 -0.00837754]
row 82:
[ 0.00057492  0.00793168 -0.0147706  -0.00593933 -0.02424868  0.00088937
 -0.02043669  0.00238645 -0.00202171 -0.02139139 -0.00231572  0.00397609
  0.01001878  0.00476659  0.00069575  0.00445469  0.02610521 -0.01431479
 -0.0240684   0.02588472 -0.00615251  0.01700222 -0.0108985   0.02394315
 -0.00481565 -0.00992189 -0.02790264 -0.00074731  0.00144955 -0.01991897
  0.01482037 -0.00641848]
row 83:
[ -8.77390721e-06   4.53148875e-03  -2.46101003e-02  -1.98567193e-03
  -1.89409982e-02   5.74374862e-04  -1.60408355e-02   1.41244580e-03
   1.51693530e-03  -3.16060670e-02  -4.96492023e-03   8.30890983e-03
   1.34691065e-02   9.31322516e-04  -2.44136178e-03   1.38477804e-02
   2.78568510e-02  -2.55461149e-02  -3.21494341e-02   2.83077154e-02
  -6.55454816e-03   2.83744242e-02  -9.20011662e-03   1.52698383e-02
  -2.38131359e-03  -3.99256404e-03  -2.78405435e-02   4.66137892e-03
   5.62143978e-03  -1.88742764e-02   2.47878656e-02  -3.54555482e-03]
row 84:
[-0.00039476  0.00083201 -0.03345464  0.00106819 -0.01284612  0.00046758
 -0.01159304  0.00199094  0.00421481 -0.03932023 -0.0067258   0.01325017
  0.01456625 -0.00418713 -0.0059135   0.02196798  0.02666605 -0.03421139
 -0.0363309   0.02896728 -0.00618687  0.03637492 -0.00566661  0.00555915
  0.00024312  0.00216186 -0.02551052  0.00963357  0.00886962 -0.01700726
  0.03314931 -0.00109139]
row 85:
[-0.00071842 -0.00304851 -0.04066977  0.00329738 -0.00601448  0.00098845
 -0.00692113  0.00226525  0.00620262 -0.04403948 -0.00757751  0.01821611
  0.0132286  -0.01056888 -0.00930404  0.02874417  0.0221818  -0.03991792
 -0.03631437  0.02692223 -0.00592107  0.0407427  -0.00030876 -0.00521611
  0.00302714  0.00835989 -0.02097325  0.01422983  0.01156421 -0.01391276
  0.03932095  0.00145428]
row 86:
[-0.00061727 -0.00665357 -0.04592173  0.00483129  0.00129128  0.00113707
 -0.00260963  0.00223516  0.00700239 -0.04568659 -0.00748993  0.0229791
  0.00930002 -0.01739432 -0.01279377  0.03287475  0.01550394 -0.04225369
 -0.03246358  0.02307851 -0.00549108  0.04128139  0.00617941 -0.01564609
  0.00557936  0.0136812  -0.01431329  0.0181773   0.01283783 -0.01045032
  0.04310374  0.00345136]
row 87:
[-0.00098915 -0.01000827 -0.04910161  0.00541834  0.00785575  0.00027107
  0.00068919  0.0020393   0.00728745 -0.0445335  -0.0064855   0.02719972
  0.00374511 -0.02441706 -0.01574123  0.03513497  0.00702243 -0.04122921
 -0.02535819  0.01806682 -0.00371453  0.03842255  0.01333305 -0.02510963
  0.00796221  0.01789141 -0.00677115  0.0212647   0.01279219 -0.00669535
  0.04415037  0.00504756]
row 88:
[-0.00127479 -0.01268982 -0.05063061  0.00461788  0.01283407 -0.00011136
  0.00216124  0.0021466   0.00676143 -0.04090465 -0.00451579  0.03089425
 -0.00336278 -0.0315963  -0.01805228  0.03547545 -0.00263912 -0.03739391
 -0.01554769  0.01265045 -0.00112016  0.03236363  0.02073067 -0.03242258
  0.00995632  0.02070992  0.00061771  0.02301189  0.01163122 -0.00339301
  0.04283232  0.0055906 ]
row 89:
[ -1.11024291e-03  -1.46804471e-02  -5.03099412e-02   2.85144593e-03
   1.63576566e-02  -1.85057906e-05   2.23101932e-03   2.07149726e-03
   4.81440080e-03  -3.53128575e-02  -2.37573963e-03   3.40169482e-02
  -1.15491962e-02  -3.78628150e-02  -1.97516009e-02   3.29810381e-02
  -1.20952278e-02  -3.11047956e-02  -4.11640434e-03   6.81115640e-03
   4.91198327e-04   2.37753708e-02   2.76158024e-02  -3.72863449e-02
   1.10668279e-02   2.12540347e-02   7.68674398e-03   2.36493964e-02
   9.51611344e-03  -1.30447419e-03   3.96208204e-02   5.52154472e-03]
row 90:
[-0.0004966  -0.01604408 -0.04844209  0.00086625  0.01890279 -0.00030387
  0.00100702  0.00231576  0.00217687 -0.02855145 -0.00048831  0.03633535
 -0.02010983 -0.04278015 -0.0211347   0.02836896 -0.0203036  -0.02330276
  0.00770042  0.00130309  0.00142205  0.01377894  0.03321244 -0.03981782
  0.01157109  0.01983068  0.01465589  0.02374257  0.00682437 -0.00031503
  0.0351695   0.0047319 ]
row 91:
[ 0.00041576 -0.01765474 -0.0442694  -0.00050716  0.02155301 -0.00088758
  0.00018623  0.00129608 -0.00130874 -0.02031089  0.00033238  0.0370601
 -0.02774189 -0.04565373 -0.02128664  0.02165713 -0.02732657 -0.01463647
  0.019099   -0.00455323  0.00185389  0.00314959  0.03690068 -0.04022235
  0.01149653  0.01616075  0.02174214  0.02300723  0.00378042  0.00020239
  0.02919644  0.00483378]
row 92:
[ 0.00274994 -0.01755006 -0.0389358  -0.00245619  0.0225902  -0.00208722
 -0.0015271   0.00107254 -0.00424744 -0.01207452  0.00171399  0.03628501
 -0.03440462 -0.0465346  -0.02111035  0.01428891 -0.03257351 -0.00534525
  0.02966047 -0.00929494  0.00200489 -0.00733726  0.03892829 -0.03899943
  0.01051883  0.01189135  0.027149    0.02172041  0.0011144   0.00037294
  0.02219028  0.0039615 ]
row 93:
[  4.01982432e-03  -1.70950647e-02  -3.29149552e-02  -4.16178722e-03
   2.24449001e-02  -2.09430023e-03  -3.28140892e-03   1.80489291e-03
  -7.25543313e-03  -3.92593350e-03   3.00383591e-03   3.48717570e-02
  -3.93217728e-02  -4.59908359e-02  -2.00117417e-02   6.74632192e-03
  -3.65745313e-02   3.24599538e-03   3.83666381e-02  -1.30801965e-02
   3.31292115e-03  -1.68782640e-02   3.95537429e-02  -3.60205173e-02
   9.38677415e-03   7.62284128e-03   3.09200119e-02   1.90685336e-02
  -2.03173701e-03  -8.19651323e-05   1.52536985e-02   1.78262882e-03]
row 94:
[ 0.00499089 -0.01637676 -0.02552148 -0.0053033   0.02225254 -0.00065964
 -0.00426795  0.00242718 -0.01003465  0.00440161  0.00335081  0.03209026
 -0.04250759 -0.043483   -0.01843076 -0.00094705 -0.03899174  0.0111788
  0.0453083  -0.01721623  0.00279134 -0.02549563  0.03858782 -0.03259536
  0.00818984  0.00286528  0.03413573  0.01632402 -0.00423804 -0.00038921
  0.00793475  0.00058876]
row 95:
[ 0.00643785 -0.01510205 -0.01702208 -0.0056237   0.02212237 -0.00061319
 -0.00443754  0.00225099 -0.0125281   0.01237452  0.0033383   0.02778021
 -0.04431318 -0.03910995 -0.01635231 -0.0088733  -0.03942731  0.01852519
  0.04998759 -0.02070062  0.00169631 -0.03282946  0.03573375 -0.0277073
  0.00629777 -0.00184108  0.03688759  0.01314732 -0.00644656 -0.0005506
  0.00074594 -0.00084139]
row 96:
[ 0.00748613 -0.01274399 -0.00813081 -0.00607932  0.02018504 -0.00218795
 -0.00484401  0.0016786  -0.01363212  0.01923846  0.00391725  0.02233607
 -0.04369925 -0.03311462 -0.01332747 -0.01546989 -0.03837882  0.02521441
  0.0527821  -0.02288053  0.00164455 -0.03831486  0.03172522 -0.02232216
  0.00435923 -0.00598328  0.03722991  0.00968033 -0.00821931 -0.00013633
 -0.00671378 -0.00198395]
row 97:
[ 0.00731144 -0.01088028  0.00132287 -0.00588006  0.01851384 -0.00101694
 -0.00425964  0.00183024 -0.01499292  0.02616874  0.00366499  0.01600035
 -0.0409228  -0.02595789 -0.00965072 -0.02179438 -0.03641267  0.03023516
  0.05320155 -0.02409989  0.00251875 -0.04249794  0.02635974 -0.01558693
  0.00281995 -0.01009731  0.03662434  0.00517349 -0.01020609  0.00023883
 -0.01394062 -0.00226285]
row 98:
[ 0.00688937 -0.00807976  0.01101773 -0.00536524  0.0157757  -0.00119086
 -0.00345765  0.00075749 -0.01524076  0.03164759  0.00321859  0.00871732
 -0.03676475 -0.01742898 -0.00570081 -0.02752947 -0.03264887  0.03480441
  0.05140756 -0.02521412  0.0014098  -0.04493635  0.0197743  -0.00885262
  0.00045231 -0.01393296  0.03412784  0.00116672 -0.01143957  0.00058285
 -0.02088736 -0.0025725 ]
row 99:
[ 0.00651678 -0.00534486  0.02015163 -0.00369017  0.01342574 -0.00090386
 -0.00260792  0.00049128 -0.01508004  0.03612367  0.00234007  0.00150843
 -0.03156113 -0.00816312 -0.00186494 -0.03273844 -0.02724457  0.03762266
  0.04768611 -0.02509789  0.00158633 -0.04558246  0.01200727 -0.00161877
 -0.00145626 -0.01742147  0.03175398 -0.00289839 -0.01235681  0.00034772
 -0.02644838 -0.00451042]
row 100:
[  4.92026238e-03  -2.15928908e-03   2.90078986e-02  -2.28933501e-03
   9.72793903e-03  -1.18261192e-03  -1.90430076e-03   4.83724172e-04
  -1.44868307e-02   3.94880213e-02   1.27872359e-03  -6.53644884e-03
  -2.39085630e-02   2.02849600e-03   2.53235642e-03  -3.65806334e-02
  -2.05372237e-02   3.89199369e-02   4.15313467e-02  -2.35119723e-02
   2.32206937e-03  -4.44406644e-02   3.31682875e-03   6.73770998e-03
  -3.39270430e-03  -2.07954869e-02   2.70553716e-02  -7.35132536e-03
  -1.31839439e-02   5.30206235e-05  -3.17941830e-02  -5.51330578e-03]
row 101:
[  3.42587195e-03   1.43871712e-03   3.74613181e-02  -9.35118180e-04
   5.04006445e-03  -7.33894994e-05  -9.75233968e-04   7.96863460e-05
  -1.35295885e-02   4.12886776e-02   4.97188703e-05  -1.47917178e-02
  -1.50462808e-02   1.28630949e-02   7.19774608e-03  -3.93775553e-02
  -1.22886365e-02   3.89383994e-02   3.30461077e-02  -2.09216680e-02
   1.69552269e-03  -4.14450951e-02  -6.19531935e-03   1.56537909e-02
  -5.68061601e-03  -2.35172082e-02   2.05670390e-02  -1.17931152e-02
  -1.32029867e-02  -3.73849587e-04  -3.58195230e-02  -6.06031809e-03]
row 102:
[  2.58725882e-03   5.29472856e-03   4.40245643e-02   8.07432923e-04
   2.65305396e-04  -1.36281815e-04  -1.34469910e-05  -1.63043593e-03
  -1.10081574e-02   4.09023911e-02  -7.59084593e-04  -2.25855652e-02
  -5.67850890e-03   2.32514404e-02   1.16181914e-02  -4.00673747e-02
  -3.35221831e-03   3.70886698e-02   2.31967960e-02  -1.77283343e-02
   1.00956822e-03  -3.60331312e-02  -1.54325357e-02   2.30936091e-02
  -7.66104832e-03  -2.47661602e-02   1.31898504e-02  -1.54976621e-02
  -1.22070257e-02  -3.88257526e-04  -3.83921526e-02  -6.84407307e-03]
row 103:
[ 0.00190104  0.00886823  0.04870611  0.00193545 -0.0046616   0.00054948
  0.0010229  -0.00100524 -0.00830796  0.03903883 -0.00145785 -0.02940475
  0.00437414  0.03280237  0.01541513 -0.03872586  0.00577735  0.03333538
  0.0122209  -0.01308568  0.00147693 -0.02916019 -0.02400733  0.02991818
 -0.00927361 -0.02476345  0.00528352 -0.01918726 -0.01066337 -0.0004427
 -0.03931039 -0.0074745 ]
row 104:
[ 0.00080538  0.01212034  0.05166207  0.00248298 -0.00995459  0.00142241
  0.00243524 -0.00097015 -0.00470409  0.03550304 -0.00182872 -0.0352461
  0.0143744   0.04074845  0.01914098 -0.03477791  0.01401195  0.02836797
  0.00085299 -0.00868499  0.00014872 -0.02109706 -0.03116862  0.03482234
 -0.01053726 -0.02266204 -0.00356841 -0.02212638 -0.00824884  0.00072318
 -0.0387817  -0.00642215]
row 105:
[ 0.00096755  0.01503049  0.05247641  0.00322249 -0.0136665   0.00202834
  0.00441924 -0.00156476 -0.00135225  0.03070265 -0.00196846 -0.03945443
  0.02297875  0.04687729  0.02156369 -0.02998744  0.0213197   0.02239515
 -0.00978109 -0.00465207 -0.00188054 -0.01244023 -0.03662031  0.03740961
 -0.01147477 -0.01950776 -0.01090804 -0.02371906 -0.00522503  0.00207824
 -0.03643149 -0.00537044]
row 106:
[ 0.00105458  0.0171185   0.0511854   0.00357668 -0.01632682  0.00211336
  0.00688948 -0.00198248  0.00270951  0.02504061 -0.0012927  -0.04198638
  0.03043263  0.05054887  0.02304338 -0.02311932  0.02646717  0.01583858
 -0.01906761 -0.00082251 -0.00247851 -0.00351361 -0.03956877  0.03708347
 -0.01147518 -0.01437721 -0.01720845 -0.02439657 -0.00203525  0.00464474
 -0.03306247 -0.00338328]
row 107:
[ 0.00068345  0.01837194  0.04748168  0.00279512 -0.01865706  0.0022809
  0.00897106 -0.00173579  0.00730586  0.0189103   0.0004713  -0.04243841
  0.03577969  0.05061268  0.02364971 -0.01402827  0.02841124  0.00930001
 -0.02595567  0.00238377 -0.00202521  0.00458323 -0.03936324  0.03415084
 -0.0106758  -0.00718739 -0.02279642 -0.0244011   0.00117826  0.0082253
 -0.0288828  -0.00112176]
row 108:
[ 0.0008308   0.01897752  0.0416721   0.00098279 -0.02027559  0.00310283
  0.01039446 -0.00131364  0.01099627  0.01280735  0.00295217 -0.04029055
  0.03782723  0.04732752  0.02297652 -0.00476254  0.02750519  0.00356587
 -0.02951565  0.00429017 -0.00241476  0.01082305 -0.03597786  0.02895984
 -0.00949897  0.00066726 -0.0266492  -0.02344896  0.00427224  0.0117138
 -0.02378576  0.00086052]
row 109:
[ 0.00166799  0.01865851  0.03412899 -0.00142051 -0.02033346  0.00376312
  0.01134134 -0.00083127  0.0138      0.0072      0.00592464 -0.03578647
  0.03636509  0.04089639  0.02076178  0.00427133  0.02384043 -0.00111167
 -0.02947222  0.00492934 -0.00302676  0.01491466 -0.02957415  0.02149482
 -0.0077066   0.00878688 -0.02768007 -0.02128576  0.00702629  0.01527361
 -0.01813146  0.00294822]
row 110:
[ 0.00262042  0.01730519  0.02529111 -0.0046896  -0.01945014  0.00313754
  0.01162832 -0.00070922  0.01594199  0.0024084   0.00954753 -0.02940706
  0.03179789  0.03133781  0.01767854  0.0132209   0.01707372 -0.00420664
 -0.02571223  0.00449045 -0.00285851  0.01656914 -0.020306    0.01241851
 -0.00546355  0.01697103 -0.02660014 -0.01834727  0.00895966  0.0191684
 -0.01268939  0.00560943]
row 111:
[ 0.00356646  0.01478537  0.01598973 -0.00838475 -0.01738076  0.0023821
  0.01122184 -0.00088426  0.0166578  -0.00091596  0.01310906 -0.02136237
  0.02423211  0.01951054  0.01389295  0.02047637  0.00769117 -0.0052812
 -0.01819981  0.00273658 -0.0027142   0.01521035 -0.00895818  0.00243969
 -0.00287165  0.02387748 -0.02325317 -0.01471905  0.00977261  0.0226594
 -0.00794981  0.00897531]
row 112:
[ 0.00408187  0.01218496  0.00575972 -0.01242833 -0.01521492  0.00076929
  0.00868311 -0.00012314  0.01596603 -0.00351084  0.01681419 -0.01171867
  0.01392694  0.00584288  0.0088437   0.02559726 -0.00294534 -0.00450174
 -0.008014    0.00102968 -0.00160801  0.01123459  0.00354926 -0.00691623
 -0.00040153  0.02900986 -0.01862831 -0.01039945  0.00902568  0.02420121
 -0.00347217  0.01015018]
row 113:
[ 0.0033302   0.0087483  -0.00461296 -0.01606598 -0.01299091  0.00027378
  0.00456655  0.00056782  0.01352082 -0.00509426  0.01967965 -0.0008205
  0.00205442 -0.00868743  0.00351801  0.02823967 -0.01396497 -0.00253176
  0.00366797 -0.00088618  0.00048978  0.00540616  0.01622193 -0.01485281
  0.00222217  0.03151666 -0.01300588 -0.00597546  0.00699885  0.02335122
  0.00084881  0.00966637]
row 114:
[ 0.00257501  0.00550499 -0.01517356 -0.01963816 -0.01140986 -0.00013362
 -0.00180112  0.00152198  0.01006889 -0.00637534  0.02178403  0.01033947
 -0.0108435  -0.02310879 -0.00236061  0.02880934 -0.02369493  0.00010248
  0.01557724 -0.00193157  0.00233393 -0.001502    0.02801601 -0.02046367
  0.00450514  0.03129344 -0.00738867 -0.00131922  0.00431465  0.02002675
  0.00490341  0.00766921]
row 115:
[ 0.00252476  0.00151653 -0.02463922 -0.02244139 -0.0096852  -0.00055512
 -0.00832737  0.00125618  0.00528255 -0.00715684  0.02216988  0.02100985
 -0.02352858 -0.03607196 -0.00751933  0.02700397 -0.03149976  0.00311334
  0.0266861  -0.00290805  0.00302803 -0.00861449  0.03796741 -0.0238099
  0.0059591   0.02806565 -0.00152293  0.00303819  0.00146951  0.01486595
  0.00869524  0.00597238]
row 116:
[  2.64001638e-03  -2.14438117e-03  -3.30028608e-02  -2.38439776e-02
  -7.93871097e-03  -2.76330160e-03  -1.57479066e-02   1.62797025e-03
  -2.09617756e-05  -8.26402660e-03   2.06904467e-02   3.04728411e-02
  -3.46668884e-02  -4.60958593e-02  -1.26214037e-02   2.27220468e-02
  -3.57245654e-02   5.82376169e-03   3.55309211e-02  -2.21353373e-03
   2.29290361e-03  -1.51246972e-02   4.46935706e-02  -2.44869236e-02
   6.90739043e-03   2.18069907e-02   3.83599964e-03   7.82879908e-03
  -2.00030115e-03   7.81594403e-03   1.20724719e-02   4.46066912e-03]
row 117:
[ 0.00331595 -0.00556286 -0.04031226 -0.02415594 -0.00627942 -0.00416982
 -0.02221581  0.00184293 -0.00554348 -0.009868    0.01806089  0.03834062
 -0.04308947 -0.05384753 -0.01680993  0.01795275 -0.03762468  0.00735824
  0.04148235 -0.00074449  0.00275217 -0.01969364  0.04865509 -0.02339129
  0.00691699  0.01423557  0.00805278  0.01206226 -0.00446517 -0.00041489
  0.01573828  0.00150115]
row 118:
[ 0.00411521 -0.00849186 -0.04650796 -0.02299174 -0.00433861 -0.00335057
 -0.02761278  0.00222162 -0.0100276  -0.0120106   0.01467449  0.04483765
 -0.04913062 -0.0585825  -0.02043443  0.01280609 -0.03698248  0.00725008
  0.04450073  0.00118876  0.00174779 -0.02204595  0.05021824 -0.02212579
  0.00721903  0.00689013  0.01106617  0.01582316 -0.00631383 -0.0084659
  0.01939304 -0.00111978]
row 119:
[  4.90138214e-03  -1.17164832e-02  -5.10754101e-02  -2.03445125e-02
  -8.75563303e-04  -2.73949048e-03  -3.03178094e-02   3.61830206e-03
  -1.39339669e-02  -1.40621448e-02   9.89184715e-03   4.92730513e-02
  -5.24133146e-02  -6.09355271e-02  -2.36494541e-02   8.19971785e-03
  -3.45938466e-02   5.65970922e-03   4.45052944e-02   2.57404428e-03
   1.07983057e-03  -2.23790370e-02   4.94955853e-02  -2.09030267e-02
   6.93985913e-03  -6.80692538e-05   1.46651976e-02   1.91615950e-02
  -6.96539180e-03  -1.59859732e-02   2.31049862e-02  -4.16912697e-03]
row 120:
[ 0.00562835 -0.01425482 -0.05321488 -0.01672699  0.00252962 -0.0026247
 -0.03124675  0.0044736  -0.01630444 -0.01596477  0.00497393  0.05146254
 -0.0531925  -0.06037511 -0.02549027  0.00427249 -0.030674    0.00361374
  0.04243186  0.00351651 -0.00147729 -0.02124743  0.04672603 -0.01985149
  0.00673863 -0.00559452  0.01749635  0.02202102 -0.00685586 -0.02130476
  0.0260736  -0.00569038]
