0.128156
-2.13223
-1.6556
0.0525379
-0.423198
-0.62286
1.10748
-0.178128
3.32817
-0.559066
-1.5757
-0.306307
1.01576
0.0937722
0.104504
0.51565
0.441372
-0.699915
0.0695318
0.0661529
0.465853
0.248327
0.786093
-0.775134
-0.234335
2.60963
-0.208569
-0.872096
0.43062
0.248863
0.0861348
0.547155
0.248027
0.430721
-0.237614
-0.061382
0.953857
-0.0496922
-0.744535
0.431638
-1.04488
1.83487
-0.591928
-1.0444
0.828949
-1.41696
-1.42627
0.698999
-0.211665
0.400553
0.972857
0.0221598
0.198979
0.42394
-1.34132
-0.188107
-3.93028
-1.21553
0.317263
-0.764816
-0.0254421
-0.358823
0.82792
-0.280935
-0.481127
-0.770244
-1.46559
-0.0469955
-0.00856375
-0.868856
1.26929
-0.735139
0.0687225
1.10278
-0.288889
1.17567
-0.197973
0.425851
-0.550951
-0.405911
-0.529116
-1.0301
-0.780247
-0.0279755
-1.61052
-0.388416
-0.00286798
-0.489323
-0.112938
-0.281853
0.202209
-0.321723
-0.0209416
0.163013
0.953589
-0.305235
-0.662439
-0.486615
0.420048
-0.0933955
-0.409064
-0.921589
-1.42814
0.086363
-3.22807
1.20861
0.211316
0.325
-0.364248
-1.06228
0.653715
0.220781
0.1612
0.0964647
-1.12117
-0.0653752
-1.17086
-0.117932
0.156997
0.41907
1.66324
1.22554
0.168622
-1.88579
0.234551
-0.907474
-0.298
0.167195
-0.647416
-0.20837
-0.300333
0.0449552
2.29869
0.739235
0.992066
0.177675
-0.161224
0.0834315
0.664884
0.425094
-0.239
-1.75305
-0.122789
-0.0736277
-1.37755
1.22089
-0.569023
-0.0267563
0.861429
-0.0407649
-0.59825
1.44657
0.835229
5.87237
-1.14276
-0.740783
0.981143
0.0476693
1.14924
0.511212
-1.00752
0.172954
0.115645
0.0157185
-2.26323
-0.898241
-1.4559
-0.319579
-2.84524
-0.4224
-0.59247
-1.32236
-0.555048
-0.287226
-0.204287
-0.0401734
1.49918
1.34146
-0.0842567
0.0679468
-1.056
0.389586
-1.28198
0.281935
-2.89677
-0.53503
1.4626
0.755786
-0.422886
-0.0894608
-0.411944
-0.835019
0.917558
0.135056
0.108295
-0.0571398
0.593159
0.248423
0.997555
0.87196
-2.57754
0.291876
-0.980234
0.716858
1.12192
-2.22112
0.606774
1.11807
-0.00280508
0.31082
-0.464803
-0.034655
1.36873
-0.304014
0.861784
0.935881
0.977599
-6.02788
0.162451
-1.52828
-0.311521
-0.421737
1.66351
-0.0974383
1.51108
0.658988
0.159807
-0.00873249
0.840605
0.182868
-0.60394
-0.340889
-1.58161
-7.29256
1.01503
-2.22977
-0.162686
0.989089
-0.0665292
0.993864
-0.21365
0.923515
1.6091
0.00798191
-0.171257
0.359365
0.137685
-0.176608
-4.01499
-1.01035
-0.235678
0.391914
0.0915892
-0.559899
1.14625
-0.664265
0.373132
0.508166
-0.318541
0.056327
0.95233
0.20526
0.643133
-0.414756
0.265929
0.24686
-0.534381
0.528837
0.0807417
1.01733
-1.50548
0.412965
-0.555813
0.805254
0.339199
-0.078923
-0.998066
0.010439
1.12346
1.03047
-1.29035
-4.4922
1.46597
-1.57182
-1.07414
-0.691638
1.53468
-0.567771
1.21489
0.723075
0.0973729
0.0729925
-1.68187
1.10103
0.967874
-1.8019
-1.50491
-5.54624
-0.449035
0.251929
0.161633
-0.135304
-1.12139
0.498728
-0.285905
0.681429
0.195931
-0.0834786
0.375273
-0.0115435
-0.0308853
0.108912
-0.111444
0.258653
0.744469
1.17728
-0.176595
-0.0870606
1.46869
-0.118804
0.0242807
-1.40476
0.178347
-0.107806
-1.35583
-1.87453
0.0422509
0.159605
2.52966
1.02846
-0.0533628
-0.888275
-1.25794
1.15413
-0.643373
-0.459506
0.639546
0.610807
0.609188
-0.0829874
0.269507
0.515065
1.92992
-0.900191
-1.29098
-0.720675
1.04671
-0.0189461
-0.384858
-0.0379122
0.0196028
0.106578
-1.04932
1.83199
-0.195827
0.0234717
-1.49857
0.461427
-0.402249
0.202271
1.48523
-0.347088
0.111808
0.979236
0.457611
0.970255
1.2122
0.13163
-0.366192
0.245894
1.53598
-0.0301442
-0.17574
-0.293854
-0.775806
-0.430935
-4.77477
-1.62731
-0.819911
-0.177002
-0.16168
1.25163
0.093739
-0.83998
0.925267
0.500268
-0.540645
0.0702437
-1.41873
0.400067
-2.26568
0.0795272
-3.16263
-0.930078
-0.315805
1.29516
0.928796
0.179247
0.321413
0.0871386
-0.170213
0.876048
-1.54718
0.0545598
0.832896
-0.904862
0.699795
0.0137423
0.783051
-1.49642
0.400698
0.845681
0.493262
2.5257
-1.3819
0.437626
0.348948
0.619411
1.64246
-0.00335543
-0.542203
0.210648
0.490165
0.367046
-4.65554
0.214842
-0.163752
-0.908935
0.0218039
-0.720525
0.515117
-0.144518
1.28325
-0.0149876
0.33919
-0.0822174
-0.0492571
0.172221
-1.01681
-1.18146
-2.03225
0.266074
-0.911364
0.324874
1.51162
0.84401
-1.13352
0.485758
-0.18012
0.495127
-0.615596
-0.0263521
0.259148
0.229049
-0.575397
0.989446
1.60522
0.282083
1.14669
0.119505
0.269545
0.969841
-1.10981
0.434517
0.238943
0.334128
0.519801
-0.0475886
0.428242
-0.0701618
-0.375639
0.268757
-3.49785
-3.69216
-0.499553
-0.544465
-0.347785
-3.46605
0.396527
-0.0094457
-0.256521
0.801548
-0.309754
-0.0182056
0.588321
0.182212
-1.58693
1.40616
-1.60059
1.04367
-1.98639
1.00956
0.695764
1.11182
0.611075
0.142
-1.25441
1.16058
-0.997669
0.0144112
1.72704
0.623079
-0.334565
0.126656
1.44595
-0.149437
0.475219
0.71196
0.512924
-0.622998
1.11771
-0.0363314
