-0.230812
-0.522118
-1.56845
-1.36118
-0.421634
-0.0562087
0.556158
0.396094
0.269792
-0.201398
-0.26008
-1.93114
-0.0602879
-0.676705
-1.76646
-1.087
0.947601
-1.49941
-0.334154
0.21441
-1.36853
0.252546
1.16354
-1.29086
-1.05553
-0.998507
0.603703
-0.0329934
-0.0631024
0.454551
0.950473
0.148253
1.67263
-2.40109
-0.116492
0.404471
1.7414
0.146179
-0.291307
0.914166
-0.288499
1.15002
0.00732807
-0.169988
-0.0580686
-0.524658
0.388235
0.539022
0.890604
-0.126475
-0.365945
-0.200933
0.136724
0.430429
-0.82049
1.79336
-0.779714
-0.631489
0.211488
-0.793835
-0.0232006
1.94937
1.29342
0.287273
-0.574635
-0.724204
0.425723
0.169969
0.136724
-0.0371864
-0.636048
-2.59062
0.2107
-0.271008
0.244774
-0.415641
-0.0547649
-1.19879
-0.34216
-0.557703
0.330978
0.379137
-1.28316
-0.669377
-1.51376
0.53327
-0.742462
-1.38246
-0.397154
0.024276
0.342561
-1.06137
0.0430638
-1.28018
-1.8353
-0.602926
-0.250982
0.736518
-0.958516
-0.170431
-0.0944013
-0.330647
0.015059
0.653704
-0.164125
-1.34021
-0.344086
-0.331096
-0.0413435
1.75516
2.09632
0.294717
-0.480246
0.841323
0.0872067
-0.0641252
-0.28031
0.524082
-0.641345
0.406115
-0.0373117
-0.190805
-0.609256
-1.71839
-0.0939975
-0.594648
-1.80035
-0.811181
0.110715
-0.950481
0.225134
-0.0517607
-1.25564
-1.25234
1.59009
-0.702674
0.753681
1.25003
-0.150998
0.177693
0.0054427
0.0996989
-0.833745
-0.206339
-0.121886
1.78898
0.989766
0.114483
1.30854
-0.553638
0.438882
0.53608
0.689078
0.730951
0.0122877
1.15214
-0.0745373
-0.556314
0.890099
-1.80218
-0.439246
0.193242
-0.971537
-0.767752
0.302685
-0.164414
0.100215
0.215215
-0.0495323
-1.16617
0.0723378
0.266899
-0.0827398
2.31778
1.28587
-0.246924
-0.673945
0.178137
0.255008
-0.832278
-1.11343
2.33618
-0.377897
1.25484
-0.410339
1.2906
0.612014
0.528666
-0.0362435
0.0880935
0.987667
2.26966
1.34712
0.997125
1.04298
1.22687
1.18939
-1.05884
-0.198132
1.51797
0.599096
-1.32486
0.0796118
-0.352013
-0.0612623
-1.20564
0.247301
0.247941
-0.3564
2.40223
-0.140905
-0.845092
0.866111
1.69912
2.35351
0.746653
1.22515
1.52933
0.0179018
-0.742445
-0.0392623
-0.506103
0.336994
-0.0883514
-0.145437
-0.708699
0.292063
0.113627
0.844068
0.362698
1.1796
1.30651
-0.658998
1.25515
0.0333424
0.215217
-0.0770069
-0.0766598
-0.0505631
0.813377
-0.520356
0.373058
-1.43964
-0.378351
0.139091
0.661941
-1.95752
0.239945
-0.474503
-0.713853
-0.108597
-0.107281
-0.0427547
1.33514
1.15978
-0.0987919
0.204869
-1.03549
-0.736028
0.347116
-0.722429
-0.689399
-0.813812
-0.0831597
-0.871181
-0.526326
-0.0194635
-0.486648
0.0511019
-0.407106
0.608793
0.848743
0.452007
1.20007
-0.455996
-0.120149
0.513368
0.917724
-0.400841
0.72925
0.599541
-0.160223
1.06147
0.0398919
0.0356075
1.04342
0.272571
-0.187106
0.874336
-0.916757
0.56242
0.386639
0.0117267
-0.161555
1.55532
0.747442
-0.853335
-0.941715
0.675192
0.772256
0.00231488
0.953539
0.503389
1.46441
0.22283
1.22317
0.804065
0.0572655
-0.514643
0.640651
0.838378
-0.510307
0.241552
0.675705
0.0686407
-0.71519
-0.0545493
-0.802817
0.868214
-0.475813
-0.330749
0.253785
0.642524
-0.458423
-1.52225
0.585008
-0.842635
0.478487
0.685648
-0.109385
-0.463457
0.0217779
-0.0157141
-1.30295
0.868926
0.0955722
0.848924
0.786666
-0.102914
-0.0823021
-0.471793
2.30829
-1.45168
1.23061
-0.656811
-1.20448
-0.508249
-0.929994
0.0251602
0.202161
0.245871
1.22643
0.00765853
1.59895
0.531705
0.118155
0.426032
-1.28063
-0.970618
-0.436144
1.04092
0.0886895
0.260257
1.64891
-0.0310751
-0.0427678
1.2193
-0.642029
-0.266586
-0.373702
0.53161
-0.0546499
0.0554056
0.430913
-2.58766
0.140811
-0.881027
0.787662
-0.0980669
0.632285
0.00699299
1.23226
1.70572
0.236063
-0.611164
0.0561657
-0.12233
0.470145
0.480616
0.409772
-1.00053
0.86928
-0.743494
0.0553434
-0.0298242
-0.740961
-0.0882127
-0.589834
0.770992
0.332662
-0.560094
-0.717187
-0.130282
-1.09485
-1.73219
0.203824
-0.145495
-1.64997
0.864121
1.56814
1.18775
-0.42159
-0.106758
-1.28344
-0.44908
-0.652218
-0.457516
0.14337
-0.14795
-0.997336
0.833798
0.0555131
-0.78832
0.196983
-0.0438777
-0.330476
-0.00587818
-0.397319
-0.0162941
2.11533
0.77594
-0.496226
1.18915
-1.53006
0.30402
1.33856
-0.208869
-0.886919
-0.0824909
0.942566
-0.235936
0.465666
0.410201
0.532717
-0.0666014
0.0148246
0.850425
0.088425
0.649307
-0.203587
1.46649
-1.06431
0.473727
-0.655262
0.10769
-0.496001
-0.505431
0.972161
-0.993013
1.5257
-0.0520074
-0.0394765
1.37267
0.110548
-0.605624
0.779504
-0.34074
-0.550759
-1.14679
1.15514
-0.678902
1.42578
0.142873
-1.42518
-0.289726
-0.0527653
-0.0502232
1.05161
1.41807
-0.121573
0.590114
0.580489
0.729937
0.702846
-0.16717
-1.356
1.58623
1.20825
1.05196
0.980782
-0.0335032
0.606353
-0.0407152
0.0125862
0.562112
-1.09101
0.210753
-0.385728
-0.799768
0.320969
-1.74038
-0.302854
-0.494526
0.489627
-0.287104
-0.0962572
0.0643502
0.57189
-0.100472
-1.26499
-0.585763
-0.349084
