-0.763553
-0.980718
-0.558337
-0.0221331
-2.01245
-0.213413
-0.297262
1.19081
0.797046
0.78721
0.481203
-1.38598
0.712383
0.047934
0.242579
0.363757
-0.348725
0.418001
-0.299821
-0.00759398
0.444063
0.144844
-0.0188272
-0.835672
0.244089
-1.4979
-0.597298
-0.49142
-0.460284
0.107019
-0.629595
-0.220708
0.429903
-0.0229532
0.358477
0.0750618
-0.163512
0.236523
-0.120572
-0.476314
-0.681855
0.784158
0.222534
-0.855562
0.806752
0.284232
-0.520645
0.220427
-1.02207
0.665056
0.691205
-0.0202642
1.26972
0.53392
-2.10844
-0.152614
-0.334175
0.445549
-0.153289
-0.608938
-0.115954
0.0667294
0.118339
-0.466759
0.547941
1.4654
-2.0875
-0.0113014
-1.11943
-0.187407
1.58235
0.261495
2.48713
-0.47316
-0.100536
0.0413008
-0.558108
1.00237
0.163897
0.669424
-0.455542
-1.2478
-0.291796
-0.0241731
-1.29491
-0.259564
-0.193229
-0.261638
-1.31654
-0.158047
0.467381
-1.15928
-0.172429
1.10375
-0.714464
0.29758
-0.15088
0.311148
0.245977
0.00838033
0.0848615
0.000374538
-1.0761
-0.488186
-0.958585
-2.05029
-0.309553
0.789065
-0.588546
-0.904471
0.132957
-0.605416
-0.294321
-0.518663
-0.142606
0.0810156
-0.496094
0.105382
0.292364
-0.298375
-1.47533
1.31753
-1.07534
1.33023
0.426783
-0.078555
-1.18841
0.0320703
-0.529698
1.27259
-0.847563
-0.0446384
-0.503666
0.403891
0.192276
-0.545155
-0.854297
-2.28144
0.494833
-0.970587
-0.684815
0.301142
-0.0168075
0.293205
-0.739363
0.127549
-0.0255241
-0.032232
-0.202624
-0.421352
-0.973827
1.0382
0.304204
3.13734
-0.23289
-1.41569
-0.102744
-0.0725649
-0.254334
-0.029206
0.535148
1.17447
0.573501
-0.0175584
-0.334852
-0.397013
-1.34726
-0.518622
-1.0273
-0.435532
0.448807
-1.28194
-0.37888
-1.14226
-0.397014
0.250987
1.12195
0.558495
0.464753
0.00571902
-0.861503
0.649708
1.34228
-0.605479
-1.62858
0.0565157
1.18435
0.180485
-0.047033
-0.367059
-0.364519
-0.153099
-0.0829336
0.907256
-0.520943
0.0226278
0.791449
-0.944034
1.52671
-0.184046
-0.111916
-0.822405
-1.04713
0.434639
0.695719
0.884672
0.272282
0.207157
0.0671865
0.0451472
0.251584
-0.0415793
-0.106402
-0.0451211
1.26647
0.844344
-0.500478
-5.07474
0.932608
-0.482552
-0.689595
0.199286
-0.32207
-0.118924
-0.351861
-0.0605046
0.232296
-0.0820829
-0.613607
-0.541746
0.544053
-0.0821292
-1.00756
4.71654
0.499131
-1.46672
-0.978894
0.598211
-0.0790319
0.146071
-0.302967
1.4751
1.23683
-0.0862234
-0.924633
-0.402249
-0.611546
-0.316424
-0.775492
-0.100003
0.656561
0.00922831
-0.615706
0.49723
0.0553574
-0.452772
0.45496
0.279923
-0.314256
0.014553
0.781487
-0.692584
-0.0876713
-1.06313
-0.0904175
0.586358
-0.98213
0.332788
1.38654
0.837599
0.0258617
0.787963
-0.258158
0.404578
0.779101
0.0558199
-1.78246
0.133183
-0.602026
0.300474
-1.23644
0.755172
0.758728
-0.666578
-0.15211
-0.122571
0.637635
0.14933
0.236355
0.650511
-0.0628944
0.0366594
-0.960094
0.403448
0.694454
-1.12716
-0.380326
-6.02917
-0.122605
0.0476365
0.611584
-0.588888
0.122747
-0.0304147
0.295001
0.704654
-0.912192
0.021479
0.776917
-0.50694
0.450388
0.812217
-0.58894
1.09424
1.06534
0.425063
0.448904
-0.0234417
0.324589
-0.237151
-0.493553
-0.234947
-1.14838
0.0471174
-0.975319
0.843185
0.373483
-0.311381
-1.54881
1.06106
0.272105
-2.29296
0.411959
1.54673
-0.756333
0.191528
-0.0202521
0.229652
-0.492683
-0.030841
0.883231
-0.0788679
0.672871
-0.50798
-1.40431
-0.277403
1.09271
0.746264
0.682778
0.730722
0.211781
0.183625
-0.93539
0.711901
-0.0719647
0.00887537
-0.854258
0.138978
0.928307
1.47991
-0.000142488
0.599833
-1.06051
0.183439
0.397823
-0.637245
0.839976
-0.514758
-0.188984
1.18671
0.595565
-0.0294149
0.162636
-0.823812
0.0790314
-0.51528
0.464653
1.82331
0.785998
0.167308
-0.537297
0.126845
-1.10961
-0.619039
-0.472906
1.12347
-0.430557
0.00823067
0.207381
0.221252
-0.220362
0.41551
-0.980955
0.348453
0.111376
0.572658
-0.55278
0.415486
-0.286529
-0.36537
0.225054
-0.127137
-1.28924
0.0565066
-0.159773
-0.403484
-0.355283
-0.956113
1.08843
0.0784041
0.234858
-3.26677
0.117821
0.0709098
0.0125171
0.878878
0.198337
2.40645
1.18197
-0.0276694
-0.143777
-0.525886
0.652507
0.33232
-0.636155
-0.933584
0.405986
0.319568
-0.502627
-0.370182
0.270998
-0.624529
-0.807191
0.59882
-0.122206
0.0316367
-1.08614
0.26018
-1.16752
-0.937989
-0.833813
0.381699
0.0828117
1.19308
0.33972
-0.510348
-1.34409
0.290549
0.15091
0.112231
-0.633124
-0.098709
-0.427934
0.310323
0.442042
-0.458008
-1.5041
-0.941357
0.415165
0.610849
0.191174
0.0877243
-0.451896
-0.194412
0.504463
0.306159
1.73081
-0.109924
-0.114815
0.53524
-1.93267
-0.685485
-0.810643
-1.01175
0.65623
-1.10402
-0.258071
0.560924
-0.369647
-0.962211
-0.380575
0.119325
0.0607424
-0.0166504
0.147877
-0.0356771
-0.902227
0.974516
-0.680473
1.17502
-0.916249
0.324674
-0.423263
-0.086496
-0.64864
0.139107
-0.142685
-0.129569
-0.0045739
-0.00770522
0.342256
0.766902
-0.29151
0.363511
-0.321706
0.697233
-1.02325
0.269612
0.753585
-0.0628357
0.0962105
0.150168
