0.0661557
-0.349289
0.119613
-0.201398
-0.762983
-0.297262
0.00010984
1.10748
0.129093
-0.403248
-0.730176
-0.622639
0.312925
-0.369407
-0.038867
0.292999
0.461487
1.0064
0.560828
-0.998507
-0.60976
-0.0188272
1.949
0.786093
1.06781
0.243237
-0.182212
-0.546184
-0.321883
0.34772
-0.0612036
0.576105
-1.21175
0.704556
1.30132
1.15002
0.115014
-0.120572
-0.750398
-0.744535
-0.265472
0.566625
1.00644
1.16666
0.62452
-0.345845
-0.781354
-1.33621
-0.455341
-0.857633
-1.125
-0.631489
-1.4074
-2.10844
-1.50328
-1.34132
-1.39201
-1.0406
-1.13156
-1.61376
-1.46805
-2.58237
-1.70756
-0.823603
0.602923
0.085606
-0.585008
-0.271008
0.947174
1.58235
1.40208
1.26929
0.193375
0.635303
-0.746725
0.284217
1.38074
1.56818
1.29002
1.79157
0.521406
-0.392853
0.222346
0.024276
0.0158598
-0.193229
0.0488589
-0.00286798
-0.734903
-0.357111
-0.395254
-0.196007
0.42702
-0.356994
-0.410108
-0.492052
-3.35684
-1.01968
-1.40832
-1.34021
-1.00042
-1.0761
-2.16815
-1.42814
-1.18308
-1.46868
-1.13086
-1.27939
-0.78664
-1.85784
-1.18147
-2.3628
-0.937498
-0.273716
-0.666201
-0.190805
0.00288067
0.292364
-0.264554
0.156997
0.553989
-0.0223936
-0.00645112
0.0107666
-0.223741
-0.17533
-0.749683
-0.498531
-0.331749
-0.419527
-0.765302
1.25003
0.697978
0.192276
0.690833
0.992066
0.0296009
0.195938
-0.747595
-0.189928
-0.592075
0.092472
-0.187935
-2.29156
0.871503
0.822698
0.967479
0.730951
-1.21268
-0.973827
-0.540559
-0.59825
0.887798
1.41135
1.75875
0.995176
-0.629131
-1.16725
-1.5973
0.877336
-0.883039
-1.86818
-1.96768
-1.16617
-0.881469
-1.34726
-0.33914
-1.4559
-0.687222
-0.916165
-2.42766
-1.4197
-0.648617
-0.906847
-1.16617
-0.451804
-2.38336
-0.256956
0.282151
1.2906
1.32996
1.34228
0.484386
-1.28198
-1.06061
-0.68077
0.383198
1.74403
1.6963
0.966305
-0.0190751
-1.75511
0.189863
-2.37721
-1.18913
-1.32486
0.334291
1.52671
1.21659
0.997555
-0.28285
-1.30739
-1.56729
-0.762473
1.02317
0.469117
1.94139
0.7931
1.08583
-0.145642
0.701453
1.52933
1.07362
1.26647
0.612995
0.861784
0.517822
-0.695276
-0.0510041
1.31297
1.68324
1.15854
1.1907
0.473738
-0.639874
0.164154
0.561687
1.25515
1.29786
0.544053
0.398695
-0.60394
-0.531517
-0.513641
0.662033
1.14476
1.27456
1.61928
1.35501
-0.483383
-0.901667
-0.380854
-0.393383
-0.713853
-1.73678
-0.611546
-0.981243
0.137685
0.816592
-0.426626
0.0880398
-0.469531
-0.733985
-1.23419
-0.834055
0.00558538
2.257
-0.392033
-0.165773
-0.526326
-0.552881
-0.0876713
0.442145
0.643133
0.573957
-0.513091
-0.280774
-0.843529
-1.29652
-0.353968
0.663564
0.352505
2.0256
1.6682
0.857733
-0.160223
-0.817338
-0.602026
0.443311
1.12346
1.67039
1.15905
0.907374
0.0689172
0.440471
-0.532369
0.611034
2.55464
1.99496
0.145874
-1.18633
-0.941715
-0.203611
0.694454
0.924344
0.967874
0.270449
-0.1857
-0.769468
-0.505387
-0.300224
0.458235
1.16297
0.355497
-0.0899633
1.37316
0.877517
0.675705
-0.0813781
0.450388
0.708363
-0.0308853
0.678259
0.738825
0.913274
0.261663
0.482011
0.413072
-0.0169558
0.125508
0.858078
-0.967037
0.011579
-0.109385
0.100863
0.373483
-0.741363
0.0422509
-0.0715793
0.720304
-0.2074
0.439678
-0.472672
0.616968
0.0369261
0.259642
2.02607
1.34924
0.344291
-1.20448
-1.1896
0.672871
1.29282
1.92992
1.7519
1.31108
-0.474903
-0.543623
-0.776078
0.0066901
2.05405
3.64852
1.2069
-0.87623
-1.19391
0.0886895
0.7382
0.928307
-0.264194
-0.402249
-0.00740547
-0.487937
-0.36558
-0.309562
0.434149
0.613421
0.717106
0.396618
-0.434333
-0.266643
-0.184487
0.787662
0.989571
0.0790314
-0.520333
-0.775806
-0.834676
-1.31439
-0.422466
0.821425
0.851241
0.0816036
-0.5419
-0.959691
-0.80958
1.36064
0.205447
0.0553434
0.216189
-0.220362
-2.43783
-2.26568
-1.12255
0.391964
0.846079
1.66155
-0.172848
0.52792
-0.590158
0.55316
1.84434
1.89479
1.09663
1.56814
1.08742
-0.355283
-0.337493
0.699795
1.53921
1.39229
2.69474
0.409876
0.506989
0.457158
-0.342504
-0.0163277
0.15207
-0.916547
-0.347172
-0.330476
-0.66753
0.652507
0.938924
0.490165
0.134733
-0.248233
-1.44869
0.109371
-0.801077
0.1754
0.555893
-1.34869
0.280632
0.538592
0.0974052
0.465666
-0.046738
-1.16752
-1.20719
-1.01681
-0.422768
0.393054
0.704882
1.19462
-0.640522
-0.496558
-2.6501
-0.0292126
-1.10323
-0.273391
0.598121
0.972161
1.55433
0.442042
0.334037
-0.575397
0.41721
0.00696178
0.175695
-0.288787
0.207311
0.308625
-0.506648
0.928225
-1.70562
-1.34902
-1.75589
-1.42518
-1.23865
-1.93267
-0.288741
-0.375639
-1.28448
-1.78266
-1.26005
-1.23815
-1.95371
-1.86659
-0.407024
-3.12851
-0.681505
0.423472
0.833722
0.980782
-0.551509
-0.902227
-1.10369
-1.58693
-0.356399
0.766442
1.10949
1.19891
0.160445
-1.82059
-2.14672
0.270813
0.00671319
-0.213372
0.339143
-0.0962572
0.813554
-0.29151
0.48892
-0.334565
1.49004
-0.908408
-0.385695
0.694376
-0.309861
1.21381
-0.611435
-0.154742
