row 0:-0.659023
0.0726506
-0.59701
-0.496337
-0.0864713
-0.617842
-0.656961
-0.58377
-0.537628
0.0847457
row 1:0.303193
-0.0152535
0.460366
-0.0933951
0.269027
0.0600285
0.120116
0.0572358
0.179187
0.024833
row 2:0.0110352
-0.0233742
-0.20195
0.170207
0.445068
-0.215386
0.0212447
0.0187995
-0.0877016
-0.0478466
row 3:-0.249133
-0.526109
-2.84102
-0.319994
-0.209204
-1.73924
-0.437896
-0.613415
-0.200757
-0.405387
row 4:-0.302196
0.223616
-0.179986
-0.344508
-0.346527
-0.14555
-0.272848
-0.392202
-0.284975
0.163787
row 5:-0.0979614
-0.263464
0.268362
0.0604149
-0.238415
-0.408718
-0.23563
-0.0938885
0.284842
0.300028
row 6:-0.241881
-0.223303
-0.0402118
-0.113278
-0.311474
0.0105958
-0.160781
-0.196207
0.166008
-0.241027
row 7:0.113345
0.25877
0.119904
0.0549225
0.0328178
-0.0824551
0.227022
0.32953
0.238759
0.25531
row 8:-0.322725
-0.321919
-0.439822
-0.136871
-0.656394
-0.325867
-0.564425
-0.870539
-0.457756
-0.608834
row 9:0.105709
-0.321654
-0.125231
-0.0885545
-0.498207
-0.181502
-0.111521
-0.0317079
-0.325938
0.0299116
row 10:-0.0277203
0.120312
0.274876
0.518569
0.184138
0.816255
0.619004
0.655357
-0.0144926
-0.0463352
row 11:0.185317
-0.327909
-0.242488
-0.255239
-0.458015
-0.935482
-0.695854
-0.500463
-0.581757
-0.226887
row 12:-0.159547
-0.0100826
0.0645684
-0.0863747
-0.153098
0.0564666
-0.0762216
-0.0545388
0.295603
0.0617965
row 13:-0.260664
-0.620631
-0.454832
-0.242985
-1.0863
-0.393029
-0.634487
-0.651973
-0.0646232
-0.330378
row 14:0.311807
-0.326603
-1.08871
-0.133169
0.341604
-1.23263
0.335343
0.313063
0.0135957
0.344179
row 15:-0.133365
0.128492
0.465232
-0.110323
-0.269571
0.435735
-0.0749242
-0.0347092
-0.127375
0.0814901
row 16:-0.0188721
-0.333294
-0.276245
-0.0552006
0.0745946
-0.120082
-0.0461364
0.018599
0.207712
-0.298864
row 17:0.330013
-0.48346
-0.23507
-0.0396074
-0.440408
-0.313879
-0.196489
-0.398116
-0.717222
-0.371689
row 18:-0.328472
-0.223256
-0.268295
0.333404
-0.19694
-0.444141
-0.327816
-0.393826
-0.276045
-0.214812
row 19:-1.56642
0.474002
-0.820578
-0.890709
-0.313552
-0.942532
-0.988592
-0.934951
-1.21514
0.454914
row 20:-6.93273
0.146018
-4.4184
-1.01616
-3.00544
-2.52727
-6.47419
-0.60646
-0.77883
-4.55174
row 21:-0.350061
-0.12508
0.225793
-0.245961
-0.180833
0.254818
-0.243012
-0.268486
0.298138
-0.238778
row 22:0.106615
0.257463
0.747737
0.057754
0.0947248
0.792141
0.156561
0.229859
0.159332
0.254781
row 23:0.0635872
-0.488575
-0.228783
-0.273459
-1.01819
-0.00360528
0.44782
0.494762
-0.0352362
-0.416434
row 24:0.165302
-0.0427278
0.574011
0.297938
0.256194
0.474825
0.196767
0.246579
0.10369
-0.0957684
row 25:0.488799
-0.0210298
0.319663
0.515367
0.446112
-0.0730864
0.120686
0.0871064
0.417618
0.0183176
row 26:0.173453
-0.775734
-0.0403199
-0.0592057
-0.666472
0.072005
-0.0712263
-0.0394113
0.222064
-1.05572
row 27:-0.00984025
-0.321581
0.180934
0.024299
0.0362214
0.399306
0.128205
0.217564
0.0707367
-0.291226
row 28:-0.241332
-0.444802
0.0969401
-0.0411031
-0.446458
0.0846585
-0.179782
-0.203317
0.326061
-0.482668
row 29:-0.190233
0.494755
-0.0391011
0.142013
-0.484268
0.210772
0.0380231
0.0391345
-0.075945
-0.0231937
row 30:-0.288878
-0.584032
-0.37995
-0.404645
-0.352399
-0.10221
-0.0370355
-0.118774
-0.385539
-0.643661
row 31:0.320219
-24.6827
0.109185
-0.750237
-13.5336
-0.322357
-0.128075
-0.138312
0.339593
-14.9781
