-0.911738
-2.20671
-0.0441338
-1.37897
-0.363086
-5.04499
-0.032582
-2.80649
-1.05719
-0.195914
-1.97298
-1.95637
-0.0477483
-0.0344404
-0.999471
-2.08211
-0.161337
-0.113829
-6.16434
-5.02408
-0.192328
-0.985914
-0.0831832
-1.49607
-4.30274
-3.43389
-2.14054
-0.0922252
-3.94343
-3.16717
-1.36222
-2.6639
1.1938
-1.35869
-3.60402
-0.0317224
-2.99612
-0.1803
-0.0631219
-0.136
-1.13947
0.5132
0.371111
-0.333353
-2.02777
-1.51941
-0.853488
1.04067
3.10847
-0.0497056
-0.113031
4.71503
-0.135049
-0.246469
-1.31079
-0.266486
-5.1968
-1.15931
-3.74597
-0.0369313
-0.090839
-1.73086
-6.34048
-2.73639
