0000000000000000 0000000000000000
0000000011010100 1111111101011110
0000000011000011 1111111101000111
0000000011011110 1111111101111110
0000000011011001 1111111110011001
0000000011110010 1111111111111101
0000000011100111 0000000000111101
0000000011011100 0000000010001010
0000000010111011 0000000011010100
0000000010010010 0000000100001000
0000000001100100 0000000100100001
0000000000111010 0000000100110001
1111111111110011 0000000100100101
1111111110110100 0000000100011101
1111111101111110 0000000011101101
1111111101011110 0000000011011000
1111111100111101 0000000010101000
1111111100011000 0000000001111001
1111111100010100 0000000001010011
1111111011111001 0000000000011101
1111111011111101 1111111111011101
1111111100000000 1111111111001001
1111111011110001 1111111110000111
1111111011111001 1111111101100111
1111111100111111 1111111100110111
1111111101011101 1111111100100100
1111111110100010 1111111011111100
1111111111011111 1111111011110100
0000000000101011 1111111011101011
0000000010000110 1111111011011010
0000000010110100 1111111011111111
0000000011110100 1111111100100001
0000000100000110 1111111100101110
0000000100001100 1111111101110110
0000000011111011 1111111110100001
0000000011000011 1111111111100000
0000000010000010 0000000000011110
0000000001010000 0000000001011110
1111111111101010 0000000010000111
1111111110001111 0000000010101101
1111111101001111 0000000011001000
1111111100010011 0000000010100101
1111111011100010 0000000010011111
1111111011011001 0000000001011000
1111111011000010 0000000000000110
1111111011010010 1111111111000001
1111111011111100 1111111101101100
1111111100011001 1111111100011100
1111111101010110 1111111011111010
1111111110000000 1111111011101000
1111111110110010 1111111011100110
1111111111101111 1111111100010100
0000000000100011 1111111101100010
0000000001010100 1111111110111110
0000000001110000 0000000000100110
0000000010011011 0000000001111010
0000000010010001 0000000011001111
0000000010100101 0000000100000001
0000000010001000 0000000100100011
0000000001100011 0000000100111110
0000000000011111 0000000100011100
1111111111101010 0000000100000101
1111111110011000 0000000011011001
1111111101010011 0000000010101111
1111111100101010 0000000010010010
1111111011110100 0000000001110010
1111111011011110 0000000001100101
1111111011011000 0000000001100101
1111111011110001 0000000001010010
1111111011111111 0000000001001000
1111111100011110 0000000001100000
1111111100111101 0000000001101001
1111111101000011 0000000001101010
1111111101001010 0000000010000010
1111111100111011 0000000010010101
1111111100100100 0000000010010010
1111111100011111 0000000010011001
1111111011111000 0000000010100101
1111111011001001 0000000001111110
1111111010111111 0000000010010001
1111111011011000 0000000001111111
1111111011101100 0000000001101111
1111111100101100 0000000001101011
1111111101100010 0000000001001001
1111111111000101 0000000000110011
0000000000011000 0000000000010001
0000000001101000 1111111111110000
0000000010100010 1111111111000101
0000000011010011 1111111110011011
0000000011110101 1111111101110111
0000000011110001 1111111101100010
0000000011010011 1111111101000011
0000000010101110 1111111100101001
0000000001101110 1111111100011111
0000000000101101 1111111100011110
1111111111101101 1111111100011101
1111111110110101 1111111100010111
1111111110000000 1111111100100110
1111111101011001 1111111100110101
1111111100110100 1111111101110111
1111111100010111 1111111110000100
1111111100010011 1111111110011111
1111111011111110 1111111111010110
1111111100000101 0000000000001101
1111111100001110 0000000000101001
1111111100101011 0000000001101110
1111111101000101 0000000010011010
1111111101101101 0000000010111100
1111111110110000 0000000011100100
1111111111101000 0000000100001001
0000000000011000 0000000100001100
0000000001001101 0000000100000101
0000000001110010 0000000100000000
0000000010000101 0000000011110000
0000000010000101 0000000011001101
0000000001111010 0000000010010010
0000000001010111 0000000001010110
0000000000100000 0000000000010111
1111111111100001 1111111111010111
1111111110011001 1111111110101100
1111111101110000 1111111101100001
1111111101001110 1111111100101110
1111111101000011 1111111011101111
1111111100110100 1111111011100011
1111111101011000 1111111011011001
1111111101110001 1111111011001111
1111111110001011 1111111011001101
1111111110100010 1111111011011111
1111111110110111 1111111100000001
