0000000011010100
0000000011000011
0000000011011110
0000000011011001
0000000011110010
0000000011100111
0000000011011100
0000000010111011
0000000010010010
0000000001100100
0000000000111010
1111111111110011
1111111110110100
1111111101111110
1111111101011110
1111111100111101
1111111100011000
1111111100010100
1111111011111001
1111111011111101
1111111100000000
1111111011110001
1111111011111001
1111111100111111
1111111101011101
1111111110100010
1111111111011111
0000000000101011
0000000010000110
0000000010110100
0000000011110100
0000000100000110
0000000100001100
0000000011111011
0000000011000011
0000000010000010
0000000001010000
1111111111101010
1111111110001111
1111111101001111
1111111100010011
1111111011100010
1111111011011001
1111111011000010
1111111011010010
1111111011111100
1111111100011001
1111111101010110
1111111110000000
1111111110110010
1111111111101111
0000000000100011
0000000001010100
0000000001110000
0000000010011011
0000000010010001
0000000010100101
0000000010001000
0000000001100011
0000000000011111
1111111111101010
1111111110011000
1111111101010011
1111111100101010
1111111011110100
1111111011011110
1111111011011000
1111111011110001
1111111011111111
1111111100011110
1111111100111101
1111111101000011
1111111101001010
1111111100111011
1111111100100100
1111111100011111
1111111011111000
1111111011001001
1111111010111111
1111111011011000
1111111011101100
1111111100101100
1111111101100010
1111111111000101
0000000000011000
0000000001101000
0000000010100010
0000000011010011
0000000011110101
0000000011110001
0000000011010011
0000000010101110
0000000001101110
0000000000101101
1111111111101101
1111111110110101
1111111110000000
1111111101011001
1111111100110100
1111111100010111
1111111100010011
1111111011111110
1111111100000101
1111111100001110
1111111100101011
1111111101000101
1111111101101101
1111111110110000
1111111111101000
0000000000011000
0000000001001101
0000000001110010
0000000010000101
0000000010000101
0000000001111010
0000000001010111
0000000000100000
1111111111100001
1111111110011001
1111111101110000
1111111101001110
1111111101000011
1111111100110100
1111111101011000
1111111101110001
1111111110001011
1111111110100010
1111111110110111
