1010100000110001
1111000010010010
0000111110010101
1110110100110001
0111110001101110
1001011100010011
1110010100001110
1101111110010011
1001001101001000
1101011011001110
1100001100110101
0101010111011101
1001001111100101
0000111000001111
1111100001101010
0011000100010110
0101011000011101
0010100001100001
1010111101110110
1010110111111100
0011101001101101
0001011111001011
0010111111001101
0110111011101010
0110100001110100
0010001110010110
0111100111001010
0010011011001001
1101011001011001
1110010110000001
1011110111110110
0101111010001100
1100011001000100
0010110111000111
1111001111100111
1110001111110000
0011000101001111
1000001001011100
0010111100000111
1101100001101110
1001110100100100
0111001011000110
0111011110000010
0101001101010011
1110001010111010
0101001101011111
1011101010001101
0100110010101111
1101101010000001
1010110100000101
1101110100101101
1111100111111010
1111100001100000
1110001001011011
0100011101100101
1101111000010011
1011110010010000
0101011111111111
1101111011011111
0000101011001111
0011010111101010
1000001100011001
0101100001111100
0101000110110010
0110011111000011
0011101011000110
1110100011010001
0110110001101000
0000011001001001
1000000100100001
1111111111100001
0010001001010101
0010010011100000
1000001010101001
0000100101110110
0010001110101000
0011101101100110
0000111001101101
1111001111100011
1010001001011010
1101001010101010
0100100110001001
0011100010010110
1011010010001101
1000111011001011
1011101010110111
1110101010001111
1101111011011100
0110000011100101
1110010001100111
0111100000100111
1100110111110001
1111100110111011
0101010101011010
0111100101111010
0010000011101001
1101100110000100
1100101101011000
1111101110110000
1011011101110100
1000001000101101
0001000010000010
1111001000111100
1000001011101010
1000010111101000
0111010110000111
1100001111000010
1001110001011010
0011011111110100
0001011010011000
0101000000011110
0010010001010110
0001001011010101
1110001101110100
0101001011001110
1101001111011011
1000111011001110
1111011100101011
0000010111001010
0000010110111101
1011010011011100
0110101101000110
0001101110101000
0111110100001001
1000111111000101
1100000000000111
1111110011101011
1101101011010001
