row 0:
[  0.00000000e+00   0.00000000e+00   1.98132111e-05   3.59764285e-02
   2.86458042e-02   1.63182337e-03   2.23155990e-02   0.00000000e+00
   2.21844460e-03   0.00000000e+00   0.00000000e+00   9.86236613e-04
   3.14482413e-02   2.47100051e-02   0.00000000e+00   0.00000000e+00
   3.29430997e-02   0.00000000e+00   0.00000000e+00   1.15372315e-02
   0.00000000e+00   3.86649668e-02   0.00000000e+00   0.00000000e+00
   3.48823494e-03   0.00000000e+00   6.87431917e-03   1.71280093e-02
   7.22687598e-03   0.00000000e+00   2.52196677e-02   1.54791772e-03]
row 1:
[ 0.          0.          0.02669308  0.03576174  0.02763677  0.00364468
  0.03315776  0.          0.00823528  0.0013338   0.          0.
  0.04095509  0.04213327  0.00879773  0.          0.03203818  0.          0.
  0.00067379  0.00112514  0.03314534  0.          0.0020905   0.0004307   0.
  0.00640202  0.00607067  0.00828046  0.00424921  0.006905    0.00134904]
row 2:
[ 0.          0.00558625  0.04689955  0.02802676  0.01934337  0.00459277
  0.03752525  0.          0.01472647  0.01810059  0.          0.
  0.04305884  0.04912264  0.01863262  0.          0.02479867  0.          0.
  0.          0.0022756   0.02343773  0.          0.00314925  0.
  0.00767873  0.00211706  0.          0.00870952  0.02307569  0.
  0.00527673]
row 3:
[ 0.          0.01346589  0.05594238  0.01357897  0.00732402  0.00328742
  0.03640386  0.          0.016939    0.03070071  0.00785924  0.
  0.03872926  0.04801108  0.02374304  0.          0.01116475  0.01328555
  0.          0.          0.00333968  0.0085964   0.          0.00327917
  0.          0.01812048  0.          0.          0.00758524  0.03636312
  0.          0.00897304]
row 4:
[ 0.00235952  0.01705782  0.0561611   0.          0.          0.00227659
  0.02892554  0.          0.01611527  0.03756345  0.01997847  0.
  0.02602831  0.03859191  0.02393752  0.          0.          0.02713692
  0.01017626  0.          0.0044466   0.          0.          0.00308057
  0.          0.02188487  0.          0.          0.00342461  0.04010187
  0.          0.0097328 ]
row 5:
[ 0.00613414  0.01708682  0.04960139  0.          0.          0.00057702
  0.01680197  0.          0.01244983  0.03908781  0.02649965  0.
  0.00803594  0.02277942  0.02139344  0.          0.          0.03654916
  0.02974874  0.          0.00429586  0.          0.00563599  0.00229601
  0.          0.02113782  0.          0.          0.          0.03883187
  0.          0.00974402]
row 6:
[  9.01071075e-03   1.64070167e-02   3.62179354e-02   0.00000000e+00
   0.00000000e+00   5.13665327e-05   2.84844101e-03   4.77501380e-05
   6.25757128e-03   3.72900665e-02   2.92492975e-02   0.00000000e+00
   0.00000000e+00   4.98500466e-03   1.52858114e-02   0.00000000e+00
   0.00000000e+00   3.95901352e-02   4.38543521e-02   0.00000000e+00
   2.39893864e-03   0.00000000e+00   1.95787679e-02   1.07260386e-03
   0.00000000e+00   1.81721300e-02   5.67848096e-04   0.00000000e+00
   0.00000000e+00   3.20741348e-02   0.00000000e+00   6.51017297e-03]
row 7:
[ 0.0120257   0.01271331  0.01932235  0.          0.          0.          0.
  0.0009383   0.00043404  0.03124298  0.02984906  0.00381715  0.          0.
  0.00747907  0.          0.          0.0394288   0.05348863  0.
  0.00099194  0.          0.03190144  0.          0.          0.01446366
  0.0041749   0.          0.          0.02327161  0.          0.00416709]
row 8:
[ 0.01068089  0.0082296   0.00047587  0.          0.          0.          0.
  0.0041825   0.          0.02202115  0.02803162  0.01935236  0.          0.
  0.          0.          0.          0.03592596  0.05519293  0.
  0.00092876  0.          0.03920715  0.          0.          0.00949932
  0.00531285  0.          0.          0.01187483  0.          0.0005421 ]
row 9:
[ 0.00774297  0.0034455   0.          0.          0.          0.          0.
  0.00410345  0.          0.00920863  0.02255489  0.03218274  0.          0.
  0.          0.          0.          0.02756904  0.05244422  0.0015319
  0.0016506   0.          0.04036853  0.          0.0013079   0.00168271
  0.00492155  0.00442472  0.          0.          0.00352765  0.        ]
row 10:
[ 0.00414731  0.          0.          0.          0.          0.          0.
  0.00521757  0.          0.          0.01230887  0.04081943  0.          0.
  0.          0.          0.          0.01409488  0.03975652  0.01450372
  0.          0.          0.03697723  0.00306544  0.00175822  0.
  0.00199555  0.01339608  0.          0.          0.02063769  0.        ]
row 11:
[ 0.00080161  0.          0.          0.          0.          0.          0.
  0.00459138  0.          0.          0.          0.04325756  0.          0.
  0.          0.00145401  0.00429342  0.          0.01728936  0.02487963
  0.          0.00376781  0.02678478  0.00463914  0.00275063  0.          0.
  0.02174371  0.          0.          0.03673706  0.        ]
row 12:
[ 0.          0.          0.          0.00903649  0.00412434  0.          0.
  0.00313433  0.          0.          0.          0.04215236  0.          0.
  0.          0.00509774  0.02082613  0.          0.          0.0297509   0.
  0.02542643  0.01240798  0.00404073  0.00386915  0.          0.
  0.02711959  0.00083388  0.          0.04755857  0.        ]
row 13:
[ 0.          0.          0.          0.02232734  0.01784679  0.00045803
  0.          0.00281874  0.          0.          0.          0.03483453
  0.00569915  0.          0.          0.00886268  0.02859588  0.          0.
  0.02880401  0.          0.04013202  0.          0.          0.00489168
  0.          0.00050153  0.02846543  0.00753888  0.          0.04948694
  0.        ]
row 14:
[ 0.          0.          0.          0.02918685  0.02945879  0.00130692
  0.01396769  0.00105617  0.00062462  0.          0.          0.02207416
  0.01671824  0.          0.          0.01007219  0.02754186  0.          0.
  0.01922639  0.          0.04255962  0.          0.          0.00573234
  0.          0.00839302  0.02692863  0.01071762  0.          0.044582
  0.0016191 ]
row 15:
[ 0.          0.          0.          0.0300183   0.03488376  0.0032479
  0.02903179  0.          0.00632236  0.          0.          0.00611467
  0.0189506   0.00892249  0.          0.00914764  0.01830227  0.          0.
  0.00340282  0.          0.03648039  0.          0.          0.00600816
  0.00504684  0.01744484  0.01950968  0.01163535  0.00344399  0.02788271
  0.00523155]
row 16:
[ 0.00017154  0.          0.01999509  0.02358752  0.03313476  0.00225564
  0.03290854  0.          0.00941957  0.01310883  0.          0.
  0.01650141  0.01335057  0.0030868   0.00416978  0.0014994   0.          0.
  0.          0.00381872  0.01701534  0.          0.          0.00488208
  0.01401336  0.02140301  0.00684442  0.00923994  0.02224078  0.00294267
  0.00722674]
row 17:
[ 0.00252619  0.00440208  0.03549948  0.00822101  0.02132991  0.00342512
  0.03040147  0.00100996  0.00878031  0.03351802  0.01297364  0.
  0.00641244  0.01307142  0.00925387  0.          0.          0.02362678
  0.02367348  0.          0.00714928  0.          0.00416746  0.
  0.00244972  0.01895178  0.02075177  0.          0.00408261  0.03266802
  0.          0.00551154]
row 18:
[ 0.00680547  0.01301323  0.03679208  0.          0.00067441  0.0019966
  0.01566697  0.00193373  0.00785576  0.04060779  0.02878085  0.          0.
  0.00496743  0.01131603  0.          0.          0.0404988   0.04585222
  0.          0.00846329  0.          0.01884358  0.          0.          0.0207036
  0.01361379  0.          0.          0.03447864  0.          0.00235711]
row 19:
[  8.68576951e-03   1.57288183e-02   2.65770666e-02   0.00000000e+00
   0.00000000e+00   5.70420292e-04   0.00000000e+00   3.36842844e-03
   1.95691618e-03   3.80720086e-02   3.61816771e-02   8.38751585e-05
   0.00000000e+00   0.00000000e+00   9.23004095e-03   2.03421878e-04
   0.00000000e+00   4.41302061e-02   5.68814315e-02   0.00000000e+00
   5.97701408e-03   0.00000000e+00   3.32403146e-02   0.00000000e+00
   0.00000000e+00   1.86244417e-02   3.50645161e-03   0.00000000e+00
   0.00000000e+00   2.81460527e-02   0.00000000e+00   0.00000000e+00]
row 20:
[ 0.00938485  0.01367558  0.00196906  0.          0.          0.          0.
  0.00282305  0.          0.02391049  0.03505727  0.0206665   0.          0.
  0.0014758   0.00207438  0.          0.04021004  0.05809315  0.
  0.00284638  0.          0.04226337  0.00167687  0.          0.01198409
  0.          0.          0.          0.0130429   0.          0.        ]
row 21:
[  9.12773144e-03   4.26702341e-03   0.00000000e+00   0.00000000e+00
   0.00000000e+00   0.00000000e+00   0.00000000e+00   2.11517140e-03
   0.00000000e+00   4.48815012e-03   2.44312938e-02   3.72760892e-02
   0.00000000e+00   0.00000000e+00   0.00000000e+00   1.79579738e-03
   0.00000000e+00   2.68221758e-02   5.25648110e-02   5.73857687e-03
   0.00000000e+00   0.00000000e+00   4.33955677e-02   6.22264051e-05
   9.10269911e-04   7.04804959e-04   2.04497110e-03   7.48912944e-03
   0.00000000e+00   0.00000000e+00   8.62437952e-03   0.00000000e+00]
row 22:
[ 0.00565202  0.          0.          0.          0.00173961  0.          0.
  0.0016653   0.          0.          0.00568082  0.0409604   0.          0.
  0.          0.          0.          0.01002848  0.03740599  0.00873717
  0.          0.          0.03619792  0.          0.00275715  0.
  0.01232072  0.01947643  0.          0.          0.0216289   0.        ]
row 23:
[ 0.00168189  0.          0.          0.01350957  0.01961478  0.          0.
  0.          0.          0.          0.          0.03595572  0.          0.
  0.          0.          0.00533298  0.          0.01629832  0.00827461
  0.          0.          0.01643906  0.          0.00289019  0.
  0.01959997  0.02197245  0.          0.          0.02296893  0.        ]
row 24:
[ 0.          0.          0.          0.02786166  0.02682498  0.00077823
  0.00495723  0.00068848  0.          0.          0.          0.01611904
  0.0052387   0.01159548  0.          0.          0.0215371   0.          0.
  0.00416203  0.          0.00845278  0.          0.00631047  0.00100888
  0.          0.02041183  0.01868008  0.          0.          0.01636742
  0.        ]
row 25:
[ 0.          0.          0.02662095  0.03018671  0.02502909  0.00422757
  0.02108463  0.00051433  0.          0.0071634   0.          0.
  0.02887476  0.03856649  0.00678269  0.          0.02935563  0.          0.
  0.          0.          0.01516404  0.          0.01194057  0.          0.
  0.01425614  0.00650755  0.00322019  0.          0.0017676   0.        ]
row 26:
[ 0.          0.00694557  0.04593705  0.02598737  0.01589584  0.00510188
  0.03048137  0.          0.01094906  0.01723627  0.          0.
  0.04029012  0.05104453  0.018233    0.          0.02859981  0.          0.
  0.          0.          0.01601913  0.          0.01234963  0.          0.
  0.00299788  0.          0.00735127  0.01490952  0.          0.0009743 ]
row 27:
[ 0.00279587  0.01488651  0.05248735  0.01307386  0.00388272  0.0051047
  0.032493    0.          0.01740274  0.02552361  0.00713095  0.
  0.04021668  0.0501086   0.02319416  0.00065142  0.01739164  0.00856943
  0.          0.          0.00043825  0.01104141  0.          0.0083558   0.
  0.01825492  0.          0.          0.00876544  0.03385871  0.
  0.00796384]
row 28:
[ 0.00357095  0.01606024  0.05165402  0.          0.          0.00259235
  0.03011527  0.          0.01813957  0.03275312  0.01998965  0.
  0.02858957  0.03815569  0.02319987  0.00556795  0.          0.02193201
  0.0071937   0.          0.00259811  0.          0.          0.00052562
  0.          0.02684597  0.          0.          0.00644485  0.04276258
  0.          0.01319115]
row 29:
[ 0.00487875  0.01498873  0.04578127  0.          0.          0.00034241
  0.02108822  0.          0.01389418  0.03934497  0.02492613  0.
  0.00771034  0.01928682  0.01990841  0.00365953  0.          0.03541261
  0.03192476  0.          0.00342545  0.          0.00893896  0.          0.
  0.02623682  0.0040632   0.          0.00080722  0.04260892  0.
  0.01394301]
row 30:
[ 0.00614644  0.01125265  0.03924608  0.          0.          0.
  0.00916523  0.          0.00499481  0.04310818  0.02519076  0.          0.
  0.00426494  0.01429225  0.          0.          0.04481739  0.04791034
  0.          0.00425346  0.          0.0164648   0.          0.
  0.01666811  0.01055421  0.          0.          0.03450914  0.
  0.01037938]
row 31:
[ 0.00753298  0.00867157  0.0343492   0.          0.          0.          0.
  0.          0.          0.0439062   0.02221053  0.          0.          0.
  0.01009891  0.          0.          0.04765949  0.05124858  0.
  0.00321428  0.          0.01671115  0.00548629  0.          0.00319709
  0.01366092  0.          0.          0.02190945  0.          0.00440861]
row 32:
[ 0.01108817  0.00740036  0.03236396  0.          0.          0.          0.
  0.          0.          0.04242721  0.01699672  0.          0.
  0.00126855  0.00854578  0.          0.          0.04686205  0.04987112
  0.          0.00027215  0.          0.0123047   0.00957367  0.          0.
  0.01382404  0.          0.          0.01233004  0.          0.00048208]
row 33:
[ 0.01306463  0.00630461  0.03438038  0.          0.          0.00018266
  0.          0.          0.          0.04051021  0.01254893  0.          0.
  0.00596211  0.00882502  0.          0.          0.04291238  0.04363954
  0.          0.          0.          0.00688352  0.0089263   0.          0.
  0.01541268  0.          0.          0.01185377  0.          0.00086273]
row 34:
[ 0.01313301  0.00693435  0.03854046  0.          0.          0.00176329
  0.00527481  0.00077883  0.          0.04234309  0.01331621  0.          0.
  0.00878151  0.01037339  0.          0.          0.04066017  0.04039137
  0.          0.          0.          0.00485705  0.00544919  0.          0.
  0.01614608  0.          0.          0.01812466  0.          0.00280744]
row 35:
[ 0.0135167   0.00828994  0.0415239   0.          0.          0.00156991
  0.0078602   0.00065936  0.          0.04670622  0.01840313  0.          0.
  0.00794031  0.01140023  0.          0.          0.04457583  0.04666547
  0.          0.          0.          0.00954116  0.          0.
  0.00373246  0.01802406  0.          0.          0.02518705  0.
  0.00398384]
row 36:
[  1.16282031e-02   1.04861576e-02   4.26490903e-02   0.00000000e+00
   0.00000000e+00   9.33234405e-05   6.45230617e-03   1.50089967e-03
   0.00000000e+00   4.98817340e-02   2.26720851e-02   0.00000000e+00
   0.00000000e+00   5.31886099e-03   1.19151846e-02   0.00000000e+00
   0.00000000e+00   5.03942817e-02   5.29780053e-02   0.00000000e+00
   1.81709114e-03   0.00000000e+00   1.36173870e-02   7.59709103e-04
   0.00000000e+00   4.99389740e-03   1.76923368e-02   0.00000000e+00
   0.00000000e+00   2.68436968e-02   0.00000000e+00   4.34016949e-03]
row 37:
[ 0.00762559  0.01122373  0.04165309  0.          0.          0.          0.
  0.          0.          0.04994242  0.02290274  0.          0.
  0.00264239  0.01156079  0.          0.          0.05171858  0.05354587
  0.          0.0050184   0.          0.01376678  0.01015379  0.
  0.00113817  0.01461311  0.          0.          0.02264462  0.
  0.00151581]
row 38:
[ 0.00467388  0.01319017  0.03573115  0.          0.          0.          0.
  0.00107183  0.          0.04347467  0.02010795  0.          0.
  0.00421204  0.01128409  0.          0.          0.04920264  0.04698347
  0.          0.00338605  0.          0.00925073  0.0243248   0.          0.
  0.00560094  0.          0.          0.01065123  0.          0.        ]
row 39:
[ 0.00280459  0.0135459   0.02382651  0.          0.          0.          0.
  0.00077143  0.          0.02694029  0.01350583  0.          0.
  0.00707553  0.00953787  0.          0.00375975  0.03492806  0.02674468
  0.0058804   0.0008414   0.          0.          0.03191317  0.          0.
  0.          0.          0.          0.          0.          0.        ]
row 40:
[ 0.0020643   0.01218023  0.00577612  0.          0.          0.          0.
  0.00220098  0.          0.00317208  0.00529968  0.          0.00484213
  0.00759212  0.00610443  0.          0.02074553  0.01152482  0.00014528
  0.02092621  0.          0.00402987  0.          0.0322682   0.          0.
  0.          0.          0.          0.          0.00337944  0.        ]
row 41:
[ 0.00057492  0.00793168  0.          0.          0.          0.00088937
  0.          0.00238645  0.00151694  0.          0.          0.00830891
  0.01346911  0.00476659  0.00069575  0.01384778  0.02785685  0.          0.
  0.02830772  0.          0.02837442  0.          0.02394315  0.          0.
  0.          0.00466138  0.00562144  0.          0.02478787  0.        ]
row 42:
[ 0.          0.00083201  0.          0.00329738  0.          0.00098845
  0.          0.00226525  0.00620262  0.          0.          0.01821611
  0.01456625  0.          0.          0.02874417  0.02666605  0.          0.
  0.02896728  0.          0.0407427   0.          0.00555915  0.00302714
  0.00835989  0.          0.01422983  0.01156421  0.          0.03932095
  0.00145428]
row 43:
[ 0.          0.          0.          0.00541834  0.00785575  0.00113707
  0.00068919  0.00223516  0.00728745  0.          0.          0.02719972
  0.00930002  0.          0.          0.03513497  0.01550394  0.          0.
  0.02307851  0.          0.04128139  0.01333305  0.          0.00796221
  0.01789141  0.          0.0212647   0.01283783  0.          0.04415037
  0.00504756]
row 44:
[ 0.          0.          0.          0.00461788  0.01635766  0.
  0.00223102  0.0021466   0.00676143  0.          0.          0.03401695
  0.          0.          0.          0.03547545  0.          0.          0.
  0.01265045  0.0004912   0.03236363  0.0276158   0.          0.01106683
  0.02125403  0.00768674  0.0236494   0.01163122  0.          0.04283232
  0.0055906 ]
row 45:
[ 0.00041576  0.          0.          0.00086625  0.02155301  0.
  0.00100702  0.00231576  0.00217687  0.          0.00033238  0.0370601   0.
  0.          0.          0.02836896  0.          0.          0.019099
  0.00130309  0.00185389  0.01377894  0.03690068  0.          0.01157109
  0.01983068  0.02174214  0.02374257  0.00682437  0.00020239  0.0351695
  0.00483378]
row 46:
[ 0.00401982  0.          0.          0.          0.0225902   0.          0.
  0.00180489  0.          0.          0.00300384  0.03628501  0.          0.
  0.          0.01428891  0.          0.003246    0.03836664  0.
  0.00331292  0.          0.03955374  0.          0.01051883  0.01189135
  0.03092001  0.02172041  0.0011144   0.00037294  0.02219028  0.0039615 ]
row 47:
[ 0.00643785  0.          0.          0.          0.02225254  0.          0.
  0.00242718  0.          0.01237452  0.00335081  0.03209026  0.          0.
  0.          0.          0.          0.01852519  0.04998759  0.
  0.00279134  0.          0.03858782  0.          0.00818984  0.00286528
  0.03688759  0.01632402  0.          0.          0.00793475  0.00058876]
row 48:
[ 0.00748613  0.          0.00132287  0.          0.02018504  0.          0.
  0.00183024  0.          0.02616874  0.00391725  0.02233607  0.          0.
  0.          0.          0.          0.03023516  0.05320155  0.
  0.00251875  0.          0.03172522  0.          0.00435923  0.
  0.03722991  0.00968033  0.          0.00023883  0.          0.        ]
row 49:
[ 0.00688937  0.          0.02015163  0.          0.0157757   0.          0.
  0.00075749  0.          0.03612367  0.00321859  0.00871732  0.          0.
  0.          0.          0.          0.03762266  0.05140756  0.
  0.00158633  0.          0.0197743   0.          0.00045231  0.
  0.03412784  0.00116672  0.          0.00058285  0.          0.        ]
row 50:
[  4.92026238e-03   1.43871712e-03   3.74613181e-02   0.00000000e+00
   9.72793903e-03   0.00000000e+00   0.00000000e+00   4.83724172e-04
   0.00000000e+00   4.12886776e-02   1.27872359e-03   0.00000000e+00
   0.00000000e+00   1.28630949e-02   7.19774608e-03   0.00000000e+00
   0.00000000e+00   3.89383994e-02   4.15313467e-02   0.00000000e+00
   2.32206937e-03   0.00000000e+00   3.31682875e-03   1.56537909e-02
   0.00000000e+00   0.00000000e+00   2.70553716e-02   0.00000000e+00
   0.00000000e+00   5.30206235e-05   0.00000000e+00   0.00000000e+00]
row 51:
[ 0.00258726  0.00886823  0.04870611  0.00193545  0.00026531  0.00054948
  0.0010229   0.          0.          0.04090239  0.          0.
  0.00437414  0.03280237  0.01541513  0.          0.00577735  0.03708867
  0.0231968   0.          0.00147693  0.          0.          0.02991818
  0.          0.          0.01318985  0.          0.          0.          0.
  0.        ]
row 52:
[ 0.00096755  0.01503049  0.05247641  0.00322249  0.          0.00202834
  0.00441924  0.          0.          0.03550304  0.          0.
  0.02297875  0.04687729  0.02156369  0.          0.0213197   0.02836797
  0.00085299  0.          0.00014872  0.          0.          0.03740961
  0.          0.          0.          0.          0.          0.00207824
  0.          0.        ]
row 53:
[ 0.00105458  0.01837194  0.0511854   0.00357668  0.          0.0022809
  0.00897106  0.          0.00730586  0.02504061  0.0004713   0.
  0.03577969  0.05061268  0.02364971  0.          0.02841124  0.01583858
  0.          0.00238377  0.          0.00458323  0.          0.03708347
  0.          0.          0.          0.          0.00117826  0.0082253   0.
  0.        ]
row 54:
[ 0.00166799  0.01897752  0.0416721   0.00098279  0.          0.00376312
  0.01134134  0.          0.0138      0.01280735  0.00592464  0.
  0.03782723  0.04732752  0.02297652  0.00427133  0.02750519  0.00356587
  0.          0.00492934  0.          0.01491466  0.          0.02895984
  0.          0.00878688  0.          0.          0.00702629  0.01527361
  0.          0.00294822]
row 55:
[ 0.00356646  0.01730519  0.02529111  0.          0.          0.00313754
  0.01162832  0.          0.0166578   0.0024084   0.01310906  0.
  0.03179789  0.03133781  0.01767854  0.02047637  0.01707372  0.          0.
  0.00449045  0.          0.01656914  0.          0.01241851  0.
  0.02387748  0.          0.          0.00977261  0.0226594   0.
  0.00897531]
row 56:
[ 0.00408187  0.01218496  0.00575972  0.          0.          0.00076929
  0.00868311  0.00056782  0.01596603  0.          0.01967965  0.
  0.01392694  0.00584288  0.0088437   0.02823967  0.          0.
  0.00366797  0.00102968  0.00048978  0.01123459  0.01622193  0.
  0.00222217  0.03151666  0.          0.          0.00902568  0.02420121
  0.00084881  0.01015018]
row 57:
[ 0.00257501  0.00550499  0.          0.          0.          0.          0.
  0.00152198  0.01006889  0.          0.02216988  0.02100985  0.          0.
  0.          0.02880934  0.          0.00311334  0.0266861   0.
  0.00302803  0.          0.03796741  0.          0.0059591   0.03129344
  0.          0.00303819  0.00431465  0.02002675  0.00869524  0.00766921]
row 58:
[ 0.00331595  0.          0.          0.          0.          0.          0.
  0.00184293  0.          0.          0.02069045  0.03834062  0.          0.
  0.          0.02272205  0.          0.00735824  0.04148235  0.
  0.00275217  0.          0.04865509  0.          0.00691699  0.02180699
  0.00805278  0.01206226  0.          0.00781594  0.01573828  0.00446067]
row 59:
[ 0.00490138  0.          0.          0.          0.          0.          0.
  0.0036183   0.          0.          0.01467449  0.04927305  0.          0.
  0.          0.01280609  0.          0.00725008  0.04450529  0.00257404
  0.00174779  0.          0.05021824  0.          0.00721903  0.00689013
  0.0146652   0.0191616   0.          0.          0.02310499  0.        ]
