x.shape (60, 32)
h.shape (16, 32)
[[ 0.0644434   0.06761425  0.06052073  0.05551     0.03859257  0.02329553
   0.01843932  0.00502609 -0.00239478  0.0027285   0.01327495  0.03233323
   0.05312523  0.0601114   0.05763149  0.04806278  0.03278128  0.02827278
   0.02517523  0.015574    0.02201093  0.02138752  0.01530336  0.02625604
   0.03996501  0.05822232  0.0787456   0.08626454  0.09264834  0.08851635
   0.07452548  0.06964201  0.05788017  0.04095644  0.02851511  0.0141325
   0.00313753  0.00243745  0.00792439  0.02316058  0.03722574  0.04363219
   0.03986141  0.03489922  0.03002272]]
[[ 0.0813727   0.06679945  0.03520395  0.01859977 -0.00948075 -0.02685142
  -0.01706198  0.00723431  0.0256165   0.02138703 -0.01045045 -0.00615791
   0.03605583  0.07328817  0.10527141  0.11069638  0.07795451  0.02226748
  -0.02395544 -0.04363654 -0.00632904  0.01686488  0.02756648  0.06903486
   0.08732139  0.07097299  0.05394248  0.04541401  0.05376897  0.05491885
   0.0381146   0.0242484   0.02218318  0.01868057  0.01576185  0.00197749
  -0.01689157 -0.0294594  -0.03298148 -0.00930879  0.0481453   0.0917972
   0.08561209  0.06005112  0.03080511]]
[[ 0.2965799   0.26859478  0.22916159  0.16467585  0.11740655  0.0849998
   0.04639105  0.03521559  0.00045376  0.01491385  0.03329586  0.08662945
   0.16013242  0.26365333  0.33871476  0.29319657  0.21312201  0.11580694
   0.07840145  0.06450617  0.12963483  0.20812176  0.2859752   0.35232215
   0.36703358  0.3384092   0.29202014  0.25789083  0.23460822  0.23323982
   0.23921302  0.22933418  0.218346    0.1952778   0.17385924  0.14283637
   0.09314719  0.08343971  0.09809253  0.1056187   0.13317125  0.15040272
   0.13091448  0.10011417  0.07814075]]
[[ 0.46815748  0.39486686  0.26444136  0.14919512  0.13305446  0.11688746
   0.09144323  0.0757876   0.05505409  0.12722583  0.19329797  0.26616693
   0.30006181  0.31430353  0.36036806  0.32795589  0.23383777  0.14878639
   0.10084785  0.0660955   0.14051346  0.23487719  0.34246312  0.41512304
   0.39731674  0.35020944  0.27710131  0.24709709  0.25660352  0.25674697
   0.25085763  0.22827092  0.21442978  0.19593625  0.18362221  0.15049045
   0.10113382  0.0943101   0.11640623  0.11768224  0.13901771  0.15833858
   0.13879663  0.10657466  0.07843194]]
[[ 0.50069623  0.43257702  0.29734789  0.1697417   0.17836196  0.15127301
   0.11182929  0.0715595   0.04832047  0.06953699  0.12439157  0.22768853
   0.24938839  0.2755354   0.34243301  0.32360418  0.18533401  0.10827691
   0.04593553 -0.01386271  0.06221885  0.19274224  0.30831748  0.38133
   0.36260562  0.31547066  0.25998223  0.24420297  0.27421186  0.28547322
   0.2923825   0.2766128   0.26743126  0.24762284  0.23335393  0.20235708
   0.12834263  0.11061724  0.10377443  0.08311274  0.07684176  0.0875706
   0.06176357  0.02385457  0.01014447]]
[[ 0.49849822  0.43274944  0.29566209  0.16970531  0.17457093  0.14865739
   0.10739465  0.06513956  0.04835346  0.06352526  0.12107586  0.22072454
   0.24606021  0.27806483  0.34097418  0.31705453  0.17733099  0.09634572
   0.04336538 -0.01851222  0.06030848  0.18569406  0.29891984  0.37457048
   0.35851893  0.31427069  0.25651755  0.24087723  0.27139181  0.28447755
   0.2901978   0.27266379  0.26582231  0.24795975  0.2329836   0.19956401
   0.12847473  0.10673619  0.1021607   0.0818904   0.079476    0.08953871
   0.06123932  0.01831704  0.00284524]]
[[ 0.59600245  0.52522372  0.35354841  0.19129282  0.18475521  0.1592049
   0.09828584  0.02045613 -0.05579048 -0.06575863 -0.00694945  0.08741188
   0.16856341  0.25471089  0.37428934  0.40169819  0.2309467   0.10474677
   0.00432595 -0.13024444 -0.08100195  0.03510353  0.19353162  0.35728086
   0.427657    0.4318119   0.38329447  0.33451731  0.32474599  0.293244
   0.28679078  0.26236414  0.27683048  0.27303313  0.261283    0.2088274
   0.13547488  0.09917497  0.08783534  0.05996092  0.04914184  0.06107333
   0.04608342  0.01109405  0.00105495]]
[[ 0.6405025   0.5681616   0.3948061   0.21924903  0.19893099  0.16225197
   0.0876568   0.02044115 -0.05644258 -0.05759103  0.00800415  0.10129803
   0.18410046  0.26639862  0.37774177  0.395169    0.22161867  0.09012438
  -0.00427244 -0.13382099 -0.08631258  0.03734709  0.1912373   0.3623457
   0.43495951  0.44247444  0.39366472  0.34642782  0.34007952  0.31248647
   0.30924305  0.28411772  0.29884191  0.29835307  0.28181596  0.2349458
   0.15034058  0.11395483  0.09231096  0.06162174  0.04574296  0.05611257
   0.04070411  0.00199968 -0.00097044]]
[[ 0.7083499   0.63033399  0.44224667  0.2574448   0.22618853  0.18263522
   0.08219171 -0.0097411  -0.09711069 -0.0857703   0.00608018  0.16293862
   0.26415087  0.33609883  0.44034018  0.44200789  0.25953379  0.09340329
  -0.05844497 -0.21419657 -0.14193114  0.02895323  0.23842809  0.42179135
   0.47863287  0.47745001  0.41969549  0.37843644  0.37077557  0.33559339
   0.31892615  0.29705925  0.30700792  0.28551694  0.24979473  0.20482828
   0.14265267  0.12665545  0.14030166  0.11920485  0.10545612  0.11134116
   0.08979636  0.03143721  0.01008781]]
[[ 0.58822622  0.48729655  0.31615902  0.14835561  0.13337805  0.13788819
   0.08028724  0.0089328  -0.05360997 -0.04130646  0.03805187  0.19837307
   0.25604445  0.2434668   0.31017632  0.32094217  0.17866558  0.09453083
  -0.01440809 -0.16551097 -0.06790133  0.09006079  0.25557476  0.40554349
   0.42652892  0.38563325  0.30674939  0.27769241  0.25583242  0.21021524
   0.17619463  0.12541247  0.11986753  0.11094214  0.07925766  0.09170962
   0.11756472  0.14943745  0.15565645  0.1637345   0.14782044  0.15943262
   0.13957946  0.03990152 -0.05676682]]
[[ 0.625334    0.56575986  0.42905995  0.23414662  0.14723204  0.096382
   0.00316291 -0.12662916 -0.23208605 -0.21447049 -0.09347849  0.17418697
   0.30844633  0.35413702  0.39233149  0.33510271  0.16234088  0.05677699
  -0.11705481 -0.31458871 -0.19977703  0.00101518  0.2098757   0.36823313
   0.39293703  0.33521672  0.24958164  0.23686503  0.23802894  0.21644899
   0.20935099  0.17671645  0.17110862  0.13791785  0.0936471   0.09152674
   0.10592691  0.1212636   0.12904098  0.14800987  0.1511052   0.16195325
   0.12998315  0.00154405 -0.12120885]]
[[ 0.63432322  0.55316377  0.41459022  0.20640368  0.13022754  0.11768764
   0.05177181 -0.07653033 -0.18069296 -0.20056463 -0.11633434  0.11717015
   0.21362987  0.26178035  0.35733545  0.34121371  0.17474286  0.06038501
  -0.13922795 -0.33126366 -0.22279512 -0.04614553  0.16182634  0.32355256
   0.36730937  0.33521672  0.2598075   0.25989968  0.27356443  0.27550113
   0.28190685  0.25403682  0.23647371  0.18171618  0.1078913   0.09153939
   0.09414537  0.09735009  0.10893495  0.13946264  0.15238309  0.1543716
   0.12676135  0.00477263 -0.10723794]]
[[ 0.63408201  0.55294529  0.41352565  0.20408335  0.12579203  0.11360853
   0.0498116  -0.07714276 -0.18096134 -0.20142093 -0.116364    0.11898437
   0.21624196  0.26221467  0.35370298  0.33369346  0.16508549  0.05365852
  -0.14230299 -0.33251214 -0.22442061 -0.04840192  0.15848407  0.31961412
   0.36541938  0.33358227  0.25981     0.26175056  0.27422785  0.27451388
   0.27952318  0.25102355  0.23417744  0.18075603  0.10804593  0.09144152
   0.09315404  0.09744547  0.11086945  0.1421876   0.15339241  0.15254695
   0.12081979 -0.00460505 -0.11432303]]
[[ 0.54562107  0.4366963   0.31816458  0.11799235  0.0709061   0.05563925
   0.00501781 -0.1140162  -0.20395684 -0.21966646 -0.11551906  0.13143727
   0.27725114  0.30324611  0.34285028  0.223178    0.00246205 -0.12672941
  -0.30317758 -0.45132579 -0.29433368 -0.10399425  0.12260655  0.25574633
   0.26708932  0.20253273  0.12875227  0.14961978  0.1936398   0.21626363
   0.24722782  0.22721525  0.21094662  0.15331963  0.08240885  0.08004679
   0.09088637  0.11374417  0.14930205  0.17675609  0.14904986  0.09003528
   0.00688328 -0.17448156 -0.29334652]]
[[ 0.40144594  0.28432067  0.15997478 -0.04912798 -0.10157431 -0.10637982
  -0.12230469 -0.19015867 -0.25361716 -0.26403653 -0.16890991  0.05569993
   0.14367207  0.09072483  0.08180441 -0.05716178 -0.2750979  -0.40334118
  -0.56246279 -0.69800628 -0.53574066 -0.36379951 -0.16063798 -0.0416232
  -0.03376187 -0.10416748 -0.17083052 -0.11860331 -0.02788683  0.03112894
   0.0925106   0.09435755  0.09543973  0.04809228 -0.01466491 -0.01209461
  -0.01035076 -0.02374363 -0.04167015 -0.06100108 -0.10891656 -0.16735276
  -0.2304278  -0.37394496 -0.45486936]]
[[ 0.38702459  0.27919546  0.16246356 -0.03997349 -0.07504605 -0.06507362
  -0.0663543  -0.14232794 -0.22847854 -0.25256517 -0.16901519  0.06182625
   0.14922005  0.07201691  0.07128538 -0.06037655 -0.28023473 -0.40446088
  -0.56732117 -0.68059188 -0.51696204 -0.35205774 -0.14921136 -0.04336556
  -0.03476328 -0.09798016 -0.20963236 -0.18388651 -0.09718128 -0.03076707
   0.04794446  0.0621913   0.12421026  0.12496604  0.12255154  0.18626017
   0.19296548  0.12919782  0.04674607 -0.03124211 -0.15215238 -0.23319314
  -0.29778057 -0.44239261 -0.51552104]]
[[ 0.43650802  0.34408347  0.22247695 -0.01575997 -0.05867576 -0.06501731
  -0.08546083 -0.17018952 -0.25283833 -0.265937   -0.17255035  0.07869148
   0.18191183  0.12905023  0.1279321  -0.02828745 -0.26140363 -0.40618158
  -0.58741519 -0.70900034 -0.54278612 -0.36577311 -0.16268981 -0.06157614
  -0.04367212 -0.08137003 -0.17367514 -0.12529005 -0.05888183  0.00864283
   0.07674502  0.06916823  0.14057092  0.12350824  0.10418722  0.15771395
   0.17050173  0.11815315  0.04626971 -0.01645737 -0.11983479 -0.17604099
  -0.24054778 -0.41342873 -0.49935687]]
[[ 0.70537768  0.60893073  0.46463323  0.17739259  0.03192635 -0.09672275
  -0.18254744 -0.29569612 -0.32184317 -0.23253384 -0.07155876  0.25186695
   0.38808649  0.37297608  0.35078604  0.13103992 -0.17938991 -0.43679963
  -0.68281839 -0.80378577 -0.59407403 -0.35107898 -0.0849625   0.075777
   0.13920869  0.13895891  0.10657277  0.22034543  0.31496262  0.36985535
   0.41337316  0.36656446  0.39969873  0.33564354  0.22213916  0.16271186
   0.08533729 -0.00114249 -0.05603485 -0.05825738 -0.07461656 -0.03634376
  -0.0427259  -0.16731459 -0.25555699]]
[[  8.22073615e-01   6.65384101e-01   4.49790605e-01   1.42206589e-01
    3.85504635e-04  -1.62100256e-01  -2.83956841e-01  -3.51702595e-01
   -3.17374643e-01  -1.85729348e-01  -2.07448142e-03   3.64300598e-01
    5.11737639e-01   4.40745688e-01   3.50507418e-01   1.08464788e-01
   -2.21714149e-01  -5.26407175e-01  -7.88481974e-01  -8.43633732e-01
   -5.62530312e-01  -2.60927470e-01   4.02720666e-02   2.04423889e-01
    2.38210553e-01   1.95023444e-01   1.19052236e-01   2.24533386e-01
    3.41335993e-01   3.68820438e-01   3.64224817e-01   3.19627340e-01
    3.65953214e-01   2.76786259e-01   1.19724225e-01   9.66858125e-02
    7.72151612e-02   3.37281145e-02  -3.75581775e-03   3.33722947e-02
    4.78105145e-02   4.57313626e-02  -3.42730721e-02  -1.82666450e-01
   -2.85962004e-01]]
[[ 0.87995464  0.71753554  0.46168289  0.14100568 -0.0319497  -0.22790249
  -0.3477386  -0.3988479  -0.32017937 -0.14676447  0.04225273  0.38952572
   0.52103693  0.44919334  0.34919861  0.09204607 -0.24194804 -0.53807228
  -0.78666471 -0.83430197 -0.55561317 -0.25858929  0.0418722   0.20578188
   0.23265516  0.16932784  0.09000432  0.22885441  0.36331698  0.40682916
   0.41753331  0.35791956  0.37086444  0.2617884   0.07004106  0.02988375
   0.03233717  0.01789074  0.00364309  0.05453572  0.06905408  0.06374059
  -0.02024339 -0.17679548 -0.28465043]]
[[ 0.87745052  0.69488483  0.42747295  0.10516303 -0.04063533 -0.21484156
  -0.31639859 -0.3758513  -0.31340921 -0.15654833  0.02929637  0.37859316
   0.50669235  0.43019912  0.32751443  0.08166539 -0.24303826 -0.5245524
  -0.77979459 -0.8326786  -0.56353103 -0.27050323  0.01130495  0.18727716
   0.2369325   0.18525303  0.10040557  0.23394909  0.36292131  0.39678884
   0.39892277  0.33141652  0.35925346  0.25659001  0.07576679  0.03410359
   0.0396938   0.01822758  0.00199305  0.05344554  0.06416007  0.05783003
  -0.04144435 -0.19110872 -0.28833947]]
[[ 0.9757758   0.83022059  0.61142652  0.28516812  0.16452086  0.01157248
  -0.09562605 -0.14017945 -0.09581829 -0.0136801   0.09723163  0.40906823
   0.56986134  0.54871352  0.47406829  0.21860324 -0.14454567 -0.45632221
  -0.71937993 -0.75088178 -0.49606438 -0.22334683  0.02312957  0.1837038
   0.26035986  0.21852583  0.11185782  0.22644471  0.35653998  0.40949905
   0.46080046  0.47171968  0.52505142  0.46035293  0.29221668  0.24965985
   0.27357716  0.22315876  0.13572706  0.10381347  0.09063166  0.12885562
   0.07548257 -0.06061495 -0.16231406]]
[[ 0.95297938  0.80513474  0.61179495  0.2680822   0.08420991 -0.11805799
  -0.23238727 -0.26787922 -0.1990755  -0.07745291  0.06679729  0.36389722
   0.52707784  0.55657514  0.48784423  0.18968161 -0.21536882 -0.53770673
  -0.78785273 -0.8177841  -0.56468322 -0.28436602 -0.02767163  0.16661204
   0.26265512  0.22250761  0.10005518  0.18417499  0.32010924  0.36117279
   0.36938399  0.39331452  0.45398705  0.36960006  0.20796808  0.18564827
   0.2398372   0.20588702  0.10363837  0.09697989  0.0983603   0.10371256
  -0.00994908 -0.22000067 -0.32430546]]
[[ 0.95961414  0.81484208  0.6194003   0.27685113  0.09594321 -0.10404012
  -0.21600665 -0.25410845 -0.1953079  -0.07472929  0.06998139  0.37370655
   0.53256374  0.56056636  0.48309225  0.18506004 -0.20374073 -0.51633855
  -0.74190698 -0.76175134 -0.51195894 -0.2455172  -0.00433992  0.19753148
   0.30634932  0.2763879   0.14219128  0.2213082   0.34621893  0.37640002
   0.42860875  0.48802683  0.57773531  0.51597042  0.35953629  0.3133286
   0.34215664  0.29803066  0.15327661  0.11804509  0.09073874  0.0797166
  -0.01617282 -0.17751959 -0.21743374]]
[[ 0.95890185  0.81404133  0.61493763  0.26970657  0.08424584 -0.11163232
  -0.21269916 -0.2402331  -0.17025184 -0.04442735  0.09405716  0.38504097
   0.52868784  0.55139784  0.47723531  0.18398538 -0.20006383 -0.50503946
  -0.73006453 -0.75598929 -0.51314397 -0.24919061 -0.00645435  0.19749014
   0.30664756  0.2763879   0.14219128  0.21807213  0.34135687  0.38019567
   0.44075194  0.49864418  0.57570411  0.49928975  0.3365062   0.28498708
   0.31898924  0.29873855  0.18383951  0.17021454  0.14272318  0.11765101
   0.00669034 -0.16538492 -0.21375467]]
[[ 0.96057828  0.7677877   0.53127726  0.17648913 -0.00460604 -0.18086807
  -0.2245654  -0.17948279 -0.07051172  0.06646378  0.19021948  0.42562191
   0.54299461  0.47164409  0.35931159  0.06560148 -0.28915939 -0.4957709
  -0.66502998 -0.62579534 -0.37767553 -0.17165413  0.00144442  0.1833105
   0.27926872  0.25810747  0.12747578  0.20108481  0.30941759  0.32520693
   0.37332141  0.42271854  0.55098613  0.53225603  0.41224607  0.39177851
   0.42241055  0.35592301  0.20068988  0.1598615   0.08799688  0.00941684
  -0.12245297 -0.29677414 -0.28669656]]
[[ 0.99834007  0.82597559  0.6024628   0.2473282   0.04873736 -0.13295141
  -0.19310525 -0.14512948 -0.01387875  0.12298952  0.2468779   0.46406588
   0.54741247  0.45197665  0.32062761  0.04723216 -0.27352202 -0.4531945
  -0.60009694 -0.5846157  -0.35360121 -0.14814587  0.02893081  0.2327023
   0.33793428  0.30573095  0.1464239   0.18536185  0.26564299  0.2842716
   0.37521469  0.45281738  0.59688822  0.6129098   0.52420047  0.54122376
   0.56844733  0.46212823  0.28635149  0.21499152  0.1066462  -0.00704336
  -0.19141103 -0.37777666 -0.35997269]]
[[ 1.07375425  0.92652657  0.7024302   0.32165431  0.09046162 -0.11962842
  -0.21123443 -0.18782944 -0.05808327  0.08108345  0.20326655  0.43122319
   0.52682828  0.41344332  0.27781651  0.02063178 -0.28711848 -0.46086382
  -0.62929629 -0.64025243 -0.40801602 -0.19757471 -0.0277955   0.18848784
   0.30465925  0.29353847  0.14666839  0.18678236  0.27385098  0.31335085
   0.43041323  0.52912082  0.69116458  0.70941407  0.60563822  0.60753999
   0.61385989  0.47257872  0.27126717  0.17336974  0.04780201 -0.07700023
  -0.28345547 -0.47373027 -0.43490001]]
[[ 1.07461123  0.92677651  0.70248759  0.32178832  0.09115432 -0.1182021
  -0.20951227 -0.18699362 -0.0580197   0.08040057  0.20289408  0.43127731
   0.52768099  0.41378564  0.27742365  0.0199246  -0.28718492 -0.46004312
  -0.62824727 -0.63957176 -0.40798977 -0.1981104  -0.02837241  0.18842731
   0.30477067  0.29346596  0.146246    0.18697793  0.27471353  0.31436452
   0.43117288  0.52983263  0.6920367   0.71081634  0.60757667  0.60888406
   0.61421166  0.47203893  0.27064341  0.1732281   0.04847621 -0.07621071
  -0.28363506 -0.47442506 -0.43528362]]
[[ 1.04978418  0.84322976  0.60950854  0.256715    0.05509813 -0.08958121
  -0.12363682 -0.11544748  0.01419575  0.18330786  0.29448231  0.47097656
   0.50600668  0.32378711  0.14368807 -0.05715563 -0.27391007 -0.38955668
  -0.53867858 -0.53894868 -0.3091723  -0.10657335  0.04779203  0.24867722
   0.32811081  0.29615922  0.1803221   0.25309928  0.35011383  0.38997476
   0.47959991  0.52109395  0.6521757   0.68038737  0.59764063  0.62023384
   0.63786883  0.48103808  0.25388176  0.14623967  0.00839693 -0.1124332
  -0.30050717 -0.457213   -0.39623526]]
[[ 0.67505358  0.47353564  0.23177105 -0.13609788 -0.34533647 -0.47305139
  -0.53042    -0.53424739 -0.35683933 -0.15295384 -0.03056     0.18591438
   0.28321278  0.13337484 -0.03925368 -0.23115565 -0.41229831 -0.50351847
  -0.6408701  -0.63305699 -0.36560441 -0.14252636  0.01068482  0.2147998
   0.303584    0.29097757  0.15854304  0.19248833  0.224516    0.20472896
   0.21256646  0.20104313  0.32601898  0.32730182  0.21742088  0.2486032
   0.2671167   0.11082724 -0.09897807 -0.15048449 -0.21770867 -0.30571601
  -0.46036281 -0.58569039 -0.52319276]]
[[ 0.67285205  0.461744    0.22522685 -0.14579893 -0.34569289 -0.47051981
  -0.52971083 -0.54107974 -0.3694237  -0.15835162 -0.02220906  0.19351658
   0.27138163  0.11140381 -0.05930011 -0.24338189 -0.42231331 -0.50817989
  -0.64973482 -0.6522462  -0.3927669  -0.17004804  0.01094423  0.22517473
   0.30918825  0.28404865  0.14230103  0.17755433  0.22069059  0.21198153
   0.21816682  0.1984399   0.3154593   0.32162487  0.21326414  0.24268675
   0.2608277   0.10590286 -0.09315236 -0.15134611 -0.22810228 -0.3165411
  -0.47675322 -0.59570305 -0.52655688]]
