8610
-13069
-28505
-1981
9037
8478
-9022
2641
-51437
23105
32642
11226
-26129
12467
6360
-29588
28234
-2425
5546
-14685
-3473
17882
16539
-13668
4526
31019
-49424
-24100
28422
-3629
-40010
46449
4274
-43720
18291
15030
-1147
-21216
25619
-960
-3234
-18769
40683
-3071
-5600
-4117
-9429
14857
31479
-25547
11449
-31149
-25574
13224
2332
-8306
23841
-19800
-11457
5083
10087
-2307
25592
6134
-12478
5481
-17061
9924
-12237
-12116
39496
-6938
15246
-11430
8886
-22578
46177
-16868
5562
-16474
989
-48325
9741
-5958
15442
20656
-3809
-31872
5868
6055
-31502
10748
19165
26079
-1331
-40523
26203
1120
13743
-25135
-1240
2943
2619
15675
-16023
15694
-2651
-10570
787
-2019
26353
-25010
-19781
-10244
19330
23042
-39975
1824
22460
-1476
-29672
4969
45419
-30152
-34199
-6777
33146
9462
-20484
-223
13267
-12389
-7715
2894
32512
3234
19816
-20146
-10682
10437
-14904
17635
15825
1043
-20751
12870
-10828
-22820
14419
47065
2546
-17993
-9656
-3906
-27172
1098
29030
-10814
6206
10423
-686
-14308
23976
-33765
-11199
-7213
18002
-7152
13298
28649
-31344
-13500
20563
17988
-13077
13251
13381
-20662
-1910
18782
