[  -6.63340712  -13.54237556   -2.6914432    -2.35149145   -2.37767887
   -1.68587017    3.03493428   10.26838589   11.20032978   -7.84163141
  -17.5256958     7.28223658   -3.23293829   -2.5712142    -8.79124737
  -30.05796432   -4.25514603  -14.89641857   -2.01077032    0.30661297
  -12.013937      3.73163605   -4.99927044    8.84023571    0.53185844
   -7.19935989   -4.01236963  -13.29190826   -0.51882672   -9.68908882
    1.76429045    2.03077769  -25.76046753  -82.20121765  -67.42441559
   -2.95895171    7.79013491   -6.83929968   -4.67162085   -7.82071018
 -118.05911255   -6.65260887   -9.56943989   -6.12703085    9.46542263
   -4.06808376   -8.59516335  -24.7618351    -8.79789352   -3.51279068
   -6.33421803   -8.96393204  -10.65190315  -11.46366596   -3.26990318
  -16.33453751   14.37640095    2.89655399    7.62736797   -5.95647907
   -6.18101883  -16.3916626     1.28768063    5.52574348]
