0.0851791
-0.457573
-0.210735
0.240902
-0.578204
-0.410892
0.414319
1.26891
1.12884
-0.622639
0.0904966
-0.197875
-0.0436449
-0.621955
3.92886
-0.759878
0.296366
-1.26038
0.209103
0.631802
0.773082
-0.376051
-0.420391
0.0221878
0.035558
-0.546184
0.124003
1.69476
-0.0214799
-1.22802
-2.15852
0.351488
0.556107
-2.14875
0.379255
0.699562
1.1207
0.449638
0.0716628
1.90819
-0.575433
1.16666
0.345563
0.654654
-0.0406941
-0.13263
-0.366429
0.982108
0.264883
1.19751
0.953494
0.325332
-0.0353926
-0.580879
-0.654264
0.0741463
0.0909145
-1.61376
0.886051
-2.21831
-0.0122026
1.22547
-0.613835
0.205352
-0.434867
-1.36149
1.70937
0.708627
-0.0420647
-0.32398
1.48761
-2.68722
-0.0996661
0.284217
0.253531
0.169121
-0.103978
-0.852682
-1.86884
-0.550312
-0.649755
-0.096154
-0.678148
-0.64006
0.18556
-0.582283
-1.19323
0.66734
0.462254
-0.196007
0.384793
-2.16039
0.0422175
-0.372937
-1.95989
0.0384867
-0.898394
-0.42433
-1.17926
-0.922375
0.937511
0.829615
-1.23176
0.65127
-0.109606
-1.27939
-0.0198795
0.922979
0.0094061
0.33697
-1.93628
0.107082
-0.230294
0.877297
-0.337249
0.433949
-1.08678
0.255164
-0.78095
-0.979666
-0.527061
0.0107666
-0.4186
0.0374308
0.00866078
-0.338417
0.730469
-0.700026
-0.591087
-0.0256713
0.868657
-0.573857
0.419545
-0.633929
0.353776
-0.430001
1.64498
-0.189928
0.491316
-1.17425
-0.033775
-1.28319
-1.94125
-0.326468
0.935587
1.43128
-0.321824
1.17697
1.16435
-0.758598
-0.258324
1.07167
0.612767
0.995176
-0.116368
0.552838
0.0473607
-0.692309
-0.544468
-0.872918
-0.639717
1.16521
-0.572894
0.324229
1.155
-0.275549
-0.00105631
0.544941
0.740243
-1.4197
0.211898
0.0621885
0.0102099
0.668894
-2.28306
-0.441769
-1.07982
-0.0698898
0.0553486
-0.623036
-1.75621
2.2849
-1.3306
1.47599
-0.123608
1.74403
-0.373109
0.943852
-0.105895
-0.0372385
-0.407398
1.91914
0.693732
0.597634
-2.54388
1.08137
1.08159
-1.07553
0.620918
1.51854
1.21164
-0.762473
0.635574
-0.725891
-0.0155334
-0.809208
-0.813406
-0.0517613
-0.602978
1.7706
-0.415445
-0.525744
0.137657
0.82096
0.40179
1.10849
0.543754
1.31297
0.773596
-1.22845
0.0391377
-0.858428
-0.620367
-0.318038
-0.0775795
-0.137558
1.13672
-0.198212
1.20136
0.744074
-1.0913
1.14802
-0.594443
1.14476
0.256112
-0.678093
0.037346
-0.389403
-0.395291
1.63162
-0.773978
-0.318926
-0.157935
-0.075049
-0.187401
1.1762
-0.997933
-0.305393
0.38869
-0.469531
-0.3168
-0.534448
-0.0973354
1.49053
-2.60419
0.225864
-0.333889
-1.59778
-2.46235
0.107177
0.130809
-0.322672
0.286243
0.681534
-0.322467
-0.843529
0.716793
-0.633544
-0.110155
-0.289642
-0.530585
0.269747
0.145462
1.41335
0.160767
-0.298092
1.6018
1.71925
0.0199139
0.816193
0.717223
0.0689172
-0.825132
0.991055
-0.0737629
0.525812
-1.04873
-0.488024
0.781565
-0.985272
0.644853
0.743709
-0.10841
-0.104138
-0.956706
2.21117
-1.16542
-0.505387
-0.71338
2.42242
-0.0727529
-0.370007
-0.984418
1.4604
0.0897851
1.6227
0.370206
-0.198982
-1.72968
0.482958
1.88439
0.128017
0.248735
0.261663
-0.260669
-1.15657
-0.101613
-0.022533
-0.365201
-1.58162
0.423771
-0.183256
0.794687
0.395838
1.0119
-0.132145
-1.88326
0.656606
-0.0647667
0.439678
1.53403
-0.696206
0.0224955
-0.70612
-1.98593
-0.583223
0.73874
0.0295861
-1.13286
-0.0165193
-1.75784
1.14781
-1.05908
1.37665
-0.625144
-0.543623
0.371888
-0.528748
-0.0890363
1.40946
-0.624168
0.617635
-0.282523
2.02316
0.194946
-0.296612
-0.65452
-0.920164
0.736594
2.0522
0.754527
-0.309562
0.0900495
0.465152
0.0277847
0.223623
-1.04951
-1.02664
-0.218462
0.362759
-0.394109
-0.856954
1.38713
0.0292257
-0.843584
-2.49048
-0.278422
0.821425
0.046074
0.263576
-0.0816633
1.99926
-2.54033
-0.443736
0.244996
-0.357985
0.427062
0.220083
-3.2892
-0.0569823
-0.544917
1.56956
0.801032
1.66155
-0.0147184
-0.653513
-0.0251669
0.683219
-1.69668
-0.652781
-0.108824
-0.549758
-0.593707
-0.673564
0.699338
-0.187837
1.21621
-2.81802
-0.655678
0.409876
-2.11679
-0.416538
-0.0323388
-0.0382097
-1.73224
0.353331
-0.515555
0.59614
-0.478009
-0.0705452
-0.0368799
0.786376
-0.827591
-0.0468994
0.064455
0.109371
0.202056
-0.167006
-0.0132205
1.02828
-1.84893
0.45751
1.12954
-1.72654
-0.459547
1.03736
-2.59437
0.610368
-0.7983
1.33466
0.00636904
1.19462
-0.399214
0.147791
0.0477631
-0.446541
-1.59008
0.355058
0.338894
-0.321899
-1.53522
-0.0989251
-0.662917
0.112794
-0.146681
0.173275
-0.953655
-0.288787
0.0964001
-3.81259
-0.0547138
-0.328146
-0.844068
-0.995666
0.335831
-0.0410391
-0.381504
0.386928
0.75195
1.48102
-0.814249
1.0441
-0.247007
-1.23815
0.952451
1.32364
0.0205281
1.26682
-0.920912
-0.555004
0.0564059
0.581392
-1.42767
0.72305
-1.06786
-0.522761
-0.86215
2.15767
1.3723
1.19891
-0.0750997
0.480941
0.0460009
0.563708
-0.805288
-0.918377
-0.22925
0.337857
-0.755625
-0.0106729
0.736261
-0.227706
0.653198
-0.685608
0.111226
0.694376
0.440597
0.312124
-0.0967174
-1.48801
1.59984
-0.0133771
