0.518615
-0.13685
-0.804284
-0.76881
-1.39918
0.879115
-0.00739275
-0.468429
-0.233717
-0.349289
-1.02966
-0.717058
-0.0535365
-2.3788
-1.1434
-0.327254
1.14522
-2.43173
0.042331
-0.203452
0.210637
-0.261895
1.25967
-0.994297
0.191232
1.0064
-0.411224
0.0552558
-0.0822236
-0.791849
1.59237
0.70667
0.731003
-2.46355
-0.247224
0.528121
0.0930537
-0.503233
-0.200578
-0.389044
-0.113538
0.704556
0.0342255
-1.18406
-0.0709881
0.216142
0.365615
0.317432
-0.882831
0.69596
-1.4134
-0.612215
-0.113424
-0.519905
0.0720894
1.51103
-0.249128
-0.857633
-1.58284
0.469017
-0.088473
1.69452
0.398925
-0.0312497
0.742613
-1.1703
0.377413
1.0363
1.87292
-0.213991
0.321345
0.804536
-0.0118995
0.085606
0.114502
-0.301241
0.0460656
-0.749154
2.32282
-0.858245
-0.438324
0.0901732
0.573608
-0.268685
-2.42831
-0.475617
-0.00102295
0.165676
0.400748
-0.392853
-1.42562
-1.10666
0.0500118
-1.38685
-4.04067
0.616737
-0.540431
-0.00202228
-1.79895
-0.972718
1.0026
-0.296022
-0.107096
1.06624
-0.0503638
-1.01968
-0.0460169
0.0200811
-0.0999912
2.14325
0.93422
-0.0623186
-0.00929204
-0.787367
-0.395761
-0.134678
-2.31892
0.472927
0.0650021
-2.40362
-0.743048
-0.273716
-0.620016
1.01193
0.0116332
-1.34547
-0.924935
-0.696495
0.141722
0.080172
0.747478
0.598517
-0.923588
-1.79126
0.106603
0.647954
0.580585
-0.419527
-1.17481
1.26564
-0.0582856
-0.64889
0.969405
0.0341672
-0.60053
0.692069
0.330096
-0.146972
0.472418
-0.877164
-0.613659
-0.647028
0.094685
0.822698
-0.144489
0.104439
0.0473858
-0.131257
0.540945
-1.33953
-0.926005
0.486393
-1.31049
0.443532
0.348754
-0.195732
-2.61706
0.367143
-0.574197
-1.86818
-0.0502235
0.336033
0.027217
0.980258
0.826362
-0.200774
-0.533
-0.206861
0.266199
-0.14733
-0.0577421
0.514035
1.15684
-1.0607
-0.588282
-0.256956
0.448343
0.41927
0.0344402
0.619285
0.762271
1.30647
0.488482
0.882258
-1.28118
-0.860996
-0.192343
-2.78092
-1.20876
-0.741821
0.0708228
-2.37721
-1.36203
-1.16167
-0.0479917
-0.444078
0.729157
1.02351
-0.588231
1.08535
-0.310763
-1.05353
-0.119767
1.62528
-0.7332
-0.189816
0.375537
-0.145642
-0.955656
-0.691957
0.0712911
-0.0361666
0.223365
-0.0596829
0.506041
-1.13886
0.627018
0.164543
0.597072
-0.192104
0.9083
-1.06053
-0.34251
0.164154
-0.28208
-1.00623
-0.086123
-0.530963
0.125737
0.692327
-0.246064
-0.0684409
-0.324042
-0.199078
0.05085
-0.666188
-0.0231688
1.10191
-0.160015
-0.380854
-0.911261
0.685548
0.00821585
2.39784
1.19387
-0.109893
0.575473
-1.03286
0.259018
1.39496
-0.0560139
-1.42376
0.00961062
0.417893
-1.13042
-0.392033
-1.90014
0.19237
0.00122142
0.283128
0.234493
0.116511
0.724235
0.505956
-0.0739019
0.201152
0.390204
0.380816
3.153
-0.98442
-0.0893389
1.6682
1.09465
0.394825
-0.0444241
-0.399861
0.650585
-0.433147
0.489839
-0.601132
-0.407698
0.667409
0.195171
-1.21515
-0.0732035
-0.494727
-1.58518
0.145874
0.607439
1.00356
0.0160326
-0.815437
0.73649
0.706309
-0.931479
0.944779
0.949561
-0.195541
-0.576826
1.31075
-1.15462
0.851497
0.890805
1.37316
-0.280599
-0.0946001
-0.0581094
0.53763
0.238033
-0.679887
0.469325
-0.0293538
0.261908
0.0403306
0.550566
1.04421
-0.940065
-1.80607
-0.950261
-0.967037
-0.692787
-0.0510952
0.101979
-1.45452
-2.43387
-0.249274
0.363707
0.13424
-0.689217
0.335431
-1.15733
1.63659
2.5295
-1.7268
-1.24166
1.34924
-0.705954
-1.1923
-0.0811944
0.634402
0.59956
0.475194
0.180925
0.59249
-1.07606
-0.359306
-0.521108
-0.331928
0.0804568
1.42172
1.82992
-0.87623
0.0374693
-0.277833
0.021858
-1.20334
0.49281
-0.851492
-0.186329
0.929809
-1.06019
-0.559859
0.258189
-0.665061
-0.760917
1.5026
-0.395718
-0.266643
-0.644278
1.10899
-0.0602669
2.62275
1.38698
0.0451155
0.439808
-0.615724
0.0339663
-0.678748
0.227138
-0.193938
-0.517389
-0.325646
1.20428
1.36064
-0.0383151
-0.426562
-0.079996
-0.453175
0.962534
-0.922033
-0.0946332
0.0117632
0.47432
-0.513575
-1.52607
-0.511075
0.953898
0.98297
-0.16548
1.89479
-0.841462
-0.0263992
0.0181106
-1.13901
0.964185
0.297049
-1.02665
0.945596
-0.660872
-1.24845
-0.392204
-0.642009
0.374984
1.50426
-0.37943
-0.916547
0.970123
-0.683835
-0.0623285
2.1288
1.32571
0.706836
-0.227876
-1.65222
0.263842
0.507959
-0.364164
-0.69252
-0.501632
-0.747085
0.461667
0.538592
0.0366176
0.0877631
-0.110544
-0.0584501
1.14826
-0.384555
0.494234
-0.116917
1.73207
0.216808
0.593763
-0.144079
-0.315785
-0.10496
-0.77861
-0.273391
-0.960648
0.638991
0.00377254
-0.179575
0.300158
-0.575813
-0.718573
0.766301
1.64913
-0.81103
0.151808
0.0530251
-0.9464
0.865457
0.93523
-1.34902
0.365259
0.318085
0.00718067
1.97075
0.0396975
-0.389267
-0.155141
0.294668
-0.582809
-0.694698
-1.01735
-1.9304
-2.0357
-0.831789
0.271884
0.423472
-0.431596
-0.375484
-0.0545465
0.63177
0.85768
-1.04283
-0.157888
0.365104
-0.216596
-0.0872358
0.715084
0.208862
2.55134
-0.609947
0.134765
-0.213372
0.512196
0.36186
-0.0710931
-2.04124
-1.13221
0.304972
