row 0:
[ 0.44282863  0.07370627 -0.15829824  0.33321556  0.5042302   0.09315422
 -0.86832219 -0.14251687  0.15308344  0.72874469  0.06202767 -0.72601295
 -0.06648479  0.30702785  0.04962004  0.27053061]
row 1:
[ 0.4892652  -0.09083788  0.31787524  0.21816665  0.54716766  0.26811373
 -0.50185317 -0.15523122  0.20650758  0.11548422  0.05275718 -0.46637261
 -0.06744955  0.25597015  0.03791787  0.36911625]
row 2:
[ 0.70185792 -0.08674593  0.67048675  0.40001386  0.60244495  0.28092751
 -0.37249956 -0.12679219  0.28923866 -0.56863505  0.13870046 -0.07564041
 -0.06754512  0.2789889   0.06008362  0.40109107]
row 3:
[ 0.82895553  0.03921979  0.86447757  0.56823152  0.586501    0.19357289
 -0.10630401 -0.17752896  0.37221152 -0.82169181  0.17228453  0.27349186
 -0.06890062  0.25146031  0.08081109  0.28863913]
row 4:
[ 0.76176006  0.1238445   0.83737826  0.53580666  0.48412502  0.04830456
  0.17443368 -0.33365703  0.37341225 -0.60896432  0.08127538  0.56699008
 -0.07754263  0.12116187  0.12336495  0.16456184]
row 5:
[ 0.59770018  0.1345052   0.54316276  0.43893126  0.28246781  0.00976808
  0.08347335 -0.37048048  0.29441166 -0.23368265  0.02418442  0.70277005
 -0.08750935  0.11996663  0.14261566  0.17149235]
row 6:
[ 0.58949566  0.12865762  0.07423259  0.51651716 -0.14726838  0.00417372
 -0.13158441 -0.21393551  0.21694538 -0.00624144 -0.04762423  0.62082946
 -0.0940484   0.31386533  0.09678292  0.3572892 ]
row 7:
[ 0.52192342  0.15025017 -0.54701602  0.51784843 -0.89014459  0.01012815
 -0.8458631  -0.13933919  0.24609831  0.02795608 -0.12168224  0.2663244
 -0.09841757  0.54536074 -0.05022638  0.46266165]
row 8:
[ 0.31714842  0.1426249  -1.1947757   0.32010475 -1.6833086   0.02691071
 -1.65932691 -0.12255915  0.27223215 -0.09282586 -0.25642851 -0.2321801
 -0.10426195  0.65739369 -0.16579506  0.50935614]
row 9:
[ 0.2494683   0.09984633 -1.49042857  0.20309076 -2.06788278  0.04141084
 -2.41187477 -0.01644608  0.23185182 -0.21485439 -0.41554329 -0.77898711
 -0.09676273  0.64351642 -0.16236241  0.52971703]
row 10:
[ 0.40689123  0.07648741 -1.47428477  0.31390467 -1.81751239  0.07112713
 -2.69595933 -0.09749388  0.3573221  -0.30349198 -0.40186849 -1.14067519
 -0.09207208  0.56103247 -0.10740522  0.56633192]
row 11:
[ 0.55085862  0.02105309 -1.35664642  0.38409251 -0.94129443  0.062787
 -1.86158478 -0.33002943  0.49048263 -0.34181014 -0.26285324 -1.37143111
 -0.08792246  0.46829975 -0.09124484  0.46505299]
row 12:
[ 0.48623574 -0.08801396 -0.69719678  0.37424091  0.19649823  0.0865567
 -0.93888366 -0.54378909  0.38709113 -0.26405647 -0.0558222  -1.27959859
 -0.07998037  0.29484734 -0.0741597   0.31834865]
row 13:
[ 0.47157213 -0.10966018 -0.05528533  0.35493019  1.0362854   0.17774104
 -0.40072122 -0.33969486  0.29534519 -0.22019421  0.06497853 -0.78028083
 -0.07858972  0.13355228 -0.03497233  0.30989674]
row 14:
[ 0.62908614 -0.03705061  0.46630219  0.46781597  1.35708869  0.18332927
 -0.4509742  -0.03198155  0.25986105 -0.15049507  0.02832356 -0.02040295
 -0.08208296  0.21831402 -0.08042012  0.39732507]
row 15:
[ 0.72781342  0.03706212  0.69953698  0.55229014  1.10994422  0.18089077
 -0.36702979 -0.10663491  0.23382862 -0.13709922 -0.10496211  0.59215671
 -0.0962707   0.29937446 -0.13131134  0.27346852]
row 16:
[ 0.66124701  0.04701806  0.53687394  0.37895396  0.44778502  0.09095243
 -0.72222877 -0.18863505  0.22326642 -0.24246201 -0.152449    0.96960419
 -0.10415753  0.31669348 -0.09737892  0.1370914 ]
row 17:
[ 0.74221188  0.0559686   0.05547607  0.26235262 -0.58694565  0.08458954
 -1.53572083 -0.01667071  0.20826219 -0.13803637 -0.11697546  0.99957812
 -0.10350765  0.39556631 -0.08003162  0.1436248 ]
row 18:
[ 0.89572042  0.09405665 -0.55430585  0.27725351 -1.41244507  0.16228402
 -2.28813672 -0.11501602  0.20696574 -0.03605024 -0.14017867  0.69686025
 -0.09501562  0.5602414  -0.09367879  0.28316694]
row 19:
[ 0.96191585  0.13082987 -1.08536875  0.3160519  -1.64693475  0.16744336
 -2.4241538  -0.41661382  0.27280152 -0.08720473 -0.19136253  0.07416458
 -0.09313799  0.64708692 -0.15330999  0.35391065]
row 20:
[ 0.8718791   0.13696773 -1.51654971  0.21268825 -1.26261282  0.11998834
 -2.19313979 -0.51952839  0.29572982 -0.16796786 -0.17775744 -0.64623284
 -0.10572286  0.6676451  -0.16867928  0.41990978]
row 21:
[ 0.84293836  0.09394337 -1.64006841  0.20246539 -0.57061976  0.01774683
 -2.15656304 -0.25064564  0.27288449 -0.19376358  0.04918955 -1.14599657
 -0.1093268   0.54214805 -0.10140005  0.46073648]
row 22:
[  8.62660587e-01   7.25122839e-02  -1.49593818e+00   3.32610995e-01
   1.15393244e-01  -7.06314517e-04  -2.14543772e+00  -1.80499107e-02
   3.13347757e-01  -6.67928234e-02   3.76516670e-01  -1.21368086e+00
  -9.84803960e-02   4.23292488e-01  -6.14109449e-02   4.27950293e-01]
row 23:
[ 0.86671585  0.014028   -1.09574711  0.34627181  0.56508011  0.04056564
 -1.91564453 -0.18590194  0.27674419  0.08931215  0.5904265  -0.90355533
 -0.08347566  0.45647633 -0.04998858  0.32540753]
row 24:
[ 0.7308619  -0.06203771 -0.62023485  0.26435494  0.67162335  0.09610876
 -1.70761251 -0.3493166   0.16527601  0.21714692  0.6064356  -0.35457224
 -0.07384246  0.5164836  -0.05267281  0.22182749]
row 25:
[ 0.65520304 -0.02454727 -0.22628812  0.20796624  0.37395528  0.1029071
 -1.78439665 -0.23720878  0.10472217  0.13758701  0.38866857  0.11649229
 -0.06935845  0.57536465 -0.05428876  0.25291497]
row 26:
[ 0.78281915  0.03753528 -0.05814408  0.33746517 -0.08419501  0.12210128
 -2.30750251 -0.01051018  0.22488561 -0.09571182  0.01582251  0.27222335
 -0.06741583  0.76279712 -0.03232107  0.28756681]
row 27:
[ 0.84088707  0.02754396 -0.07936746  0.38738832 -0.56846672  0.12598366
 -2.68499041 -0.16445421  0.28194842 -0.21551453 -0.34834778  0.15106225
 -0.06554371  0.86707318 -0.06581256  0.18643662]
row 28:
[ 0.7670483  -0.01287237 -0.14530224  0.34494135 -0.90645194  0.09091938
 -2.53634357 -0.50912744  0.30168253 -0.13054223 -0.61133552 -0.07399943
 -0.0706701   0.78815532  0.01148501  0.05076011]
row 29:
[ 0.73104674 -0.0460961  -0.07607771  0.31495428 -0.85351759  0.10800673
 -1.95042551 -0.51654524  0.2620647   0.04995386 -0.7713412  -0.18016014
 -0.07849124  0.65744239  0.05761308  0.05011218]
row 30:
[ 0.74887043 -0.04476243  0.04216103  0.4765901  -0.48035735  0.02605812
 -1.20144475 -0.26934302  0.22336182  0.21926689 -0.80164248  0.03127091
 -0.08526445  0.51510692  0.03825432  0.14524786]
row 31:
[ 0.70327276 -0.03490701  0.21149202  0.58686781 -0.0512004   0.0209614
 -0.42281827 -0.03960599  0.18130241  0.28675386 -0.72338676  0.38857859
 -0.0850367   0.38495982 -0.03536019  0.21696451]
row 32:
[ 0.64410043  0.03338059  0.35258636  0.52691162  0.24613716  0.10054313
 -0.16162755  0.10317459  0.13083111  0.27326992 -0.54962671  0.66793239
 -0.07523167  0.34857342 -0.04876379  0.25801736]
row 33:
[ 0.58649164  0.07353552  0.42109662  0.4911519   0.45916888  0.14445516
  0.03678116  0.06292712  0.12838899  0.20519739 -0.25224629  0.76797068
 -0.06693964  0.40482339  0.01551153  0.22877643]
row 34:
[ 0.68403137  0.05349829  0.38986161  0.56798649  0.57905251  0.12303463
  0.02358676 -0.24402165  0.18379511  0.1505827  -0.07070183  0.52732694
 -0.07027739  0.5227136   0.03879779  0.23871087]
row 35:
[ 0.73488802  0.03738751  0.36318907  0.54505807  0.55372113  0.11959338
 -0.24737486 -0.47167292  0.21542224  0.20620085 -0.02200231 -0.05410036
 -0.07538354  0.63346791  0.02526436  0.23603772]
row 36:
[ 0.64603645  0.06254625  0.17003253  0.40237206  0.3544105   0.12330716
 -0.37860876 -0.47419009  0.2870065   0.33185461  0.00638762 -0.68285233
 -0.0818647   0.6864627   0.08037262  0.16346502]
row 37:
[ 0.62506884  0.07598964 -0.05710427  0.33662584 -0.01615016  0.05443797
 -0.49724579 -0.27064621  0.39775938  0.49799037 -0.11179174 -1.17597139
 -0.08226747  0.66296875  0.02958985  0.13572398]
row 38:
[ 0.6891591   0.05943891 -0.12182302  0.45550084 -0.40940312  0.07223206
 -1.10372436 -0.13670236  0.43855068  0.58939064 -0.26018998 -1.4847312
 -0.0802879   0.61636031 -0.05744687  0.27903625]
row 39:
[ 0.65038258  0.03686645 -0.11702896  0.42633539 -0.70336503  0.14798628
 -1.58563662 -0.31132874  0.3981525   0.55020666 -0.28378832 -1.43736613
 -0.08298932  0.57023239 -0.04776004  0.3521235 ]
row 40:
[ 0.44703928 -0.03634049 -0.10999878  0.28527272 -0.8347559   0.2017307
 -1.83299959 -0.40249941  0.29806098  0.4187713  -0.19048634 -1.02024162
 -0.09081633  0.44399536 -0.05034389  0.33682522]
row 41:
[ 0.34578103 -0.10746634 -0.07322539  0.29035297 -0.92155957  0.22846887
 -1.8610065  -0.20996086  0.28533381  0.41326493 -0.16559759 -0.39059916
 -0.09809024  0.32945162 -0.24053255  0.30387333]
row 42:
[ 0.38390473 -0.10746968  0.00803896  0.42680919 -0.89562666  0.14036532
 -1.99589431 -0.00827656  0.35424682  0.42687479 -0.19369572  0.32416657
 -0.10030173  0.2499809  -0.27561238  0.41885722]
row 43:
[ 0.39255106  0.00780043 -0.05349998  0.44996917 -0.7775023   0.05398028
 -2.24187279  0.00437077  0.40332144  0.39896151 -0.30488399  0.94239044
 -0.09813169  0.22558621 -0.1991286   0.48533228]
row 44:
[ 0.28568435  0.05682956 -0.16042642  0.39121574 -0.54431969 -0.08820069
 -1.98733163 -0.24011011  0.4923062   0.31642833 -0.46956643  1.28631175
 -0.09692805  0.24649979 -0.15825726  0.52069741]
