-0.301377
-1.26327
-0.175163
-0.221679
0.335382
-0.632673
-0.532783
-2.67029
0.624343
-0.369407
-0.0963167
-0.345839
0.039398
-1.39877
-0.699597
-0.31489
-0.368769
-1.33388
-0.0957567
-0.427164
0.936306
0.316099
0.310404
1.39245
-0.644579
0.34772
0.798308
1.40234
-0.0075968
0.199281
-0.0688803
-0.0920707
0.889387
-1.66936
0.293154
0.0182315
0.190949
-0.189997
0.323678
-0.728668
0.229495
-0.345845
-0.177336
0.147459
-0.0471529
0.0933032
0.0762652
0.360342
-0.832116
0.660755
-0.940882
-0.0891047
0.082138
-0.134319
0.525171
0.943414
0.389448
-2.58237
0.854459
-1.00139
0.0497694
0.941605
-0.974783
-0.0749306
0.688333
0.854246
-0.760583
0.180416
-0.763257
0.682684
-1.14857
1.45446
-0.370941
1.56818
-0.444485
-0.281854
-0.0753405
-1.11967
0.353032
-0.100693
0.378002
0.442671
0.440179
0.492231
-0.545461
-1.15175
-0.100602
-1.41506
0.404302
-0.356994
-0.663267
0.313614
-0.0147532
-0.708397
-1.85736
-0.67053
-0.828964
0.594081
-0.317168
-0.77766
-0.220397
0.776401
-0.421784
0.683352
-0.229271
-1.85784
-0.6303
-0.288644
0.0464362
0.911241
-1.00596
-0.669498
-0.321031
-0.0358001
0.592903
0.442109
-1.00125
-0.476716
0.0255395
-2.66956
-1.33303
-0.17533
-0.0434708
-1.10789
-0.093141
-1.40667
-0.531126
-0.487036
0.215543
0.37985
-0.359896
0.351083
0.638765
-1.1638
-1.13914
1.06819
0.120053
0.092472
-0.66389
-0.0775571
-0.0457209
-0.886151
-0.280598
-0.440226
1.19483
0.757202
0.61784
-0.0723377
0.324979
-0.296883
-0.600999
0.14108
0.680876
-1.16725
0.261364
-0.143355
-0.0687745
-0.19801
-0.0886051
-1.94437
0.205532
0.325954
-0.51559
0.944797
0.767846
0.47288
-0.440281
0.740267
-0.775517
-0.906847
-0.647738
0.0875301
-0.0730172
0.848801
-0.892365
0.993565
-0.261099
-0.162388
-0.750957
-0.125036
-0.259082
1.19017
1.97518
-1.11611
-0.555477
0.966305
-0.675222
-0.689563
-0.0641676
0.0118725
-0.30776
1.09574
0.101911
0.640312
-0.651527
0.238922
0.690495
-1.54936
-0.762496
-0.0942571
0.315897
0.469117
0.139418
-0.499789
0.0531279
0.0909828
0.734373
0.462904
-0.398454
0.69123
1.08976
-0.995343
-0.37157
0.853803
0.413238
-0.931246
0.91691
1.15854
-0.292817
-1.34154
0.0278628
0.132111
0.0476329
-0.0330174
-0.543812
-0.411623
1.13621
-0.328116
0.628957
0.567739
1.9683
-1.67303
-0.593761
1.61928
-0.274908
-0.376217
0.00542384
-0.653655
1.02713
0.136625
0.383136
0.811205
0.0308526
-0.305114
-0.645762
-0.0777315
-1.21242
1.88945
0.0542698
-1.23419
0.380909
0.197417
-0.112934
1.99396
-1.72177
0.42317
1.47748
-0.231553
0.27302
0.949031
0.726558
-0.966714
-0.0757414
0.724612
-1.66987
-0.353968
0.955019
-0.235584
-0.00954489
-0.890156
-0.682238
0.700637
0.603374
0.266071
0.261459
0.149259
-0.303002
1.05791
1.15495
-0.703142
-0.185731
-0.532369
-0.268785
-0.838163
-0.0500144
0.138884
0.151011
-0.895821
0.955053
-0.127557
-0.487381
0.479985
-0.0265916
0.0493557
0.182257
-0.438269
-1.32459
0.458235
-0.96974
0.615008
0.0285751
0.164094
0.0272873
0.915238
-1.32033
1.75997
-0.446756
0.0648011
-1.40855
0.944172
-1.1334
0.0938752
0.317543
0.413072
-0.137331
-1.13767
-0.0701867
-0.175455
-0.759001
-0.608426
-0.193646
-0.350708
-0.134277
-0.401484
-0.61167
-1.23717
1.0009
-1.54169
-0.171965
0.616968
-1.40075
-0.549441
-0.0644144
-0.89198
-1.69729
0.037939
-0.400762
0.366471
-0.493314
0.0367248
-0.382803
1.68069
3.26594
-0.904795
-0.670721
0.0066901
0.440636
0.432516
0.0406116
0.123876
-0.00256652
0.113256
-0.0418948
0.520815
0.793863
-0.0687023
-0.704929
-0.94314
0.0543476
-0.169818
1.68875
0.613421
-0.62037
1.05849
0.00718191
-0.505
-1.71901
-0.716937
-0.95682
0.180119
1.17574
-0.48758
0.587549
0.333262
-0.819708
2.31613
-0.53309
0.0816036
-0.0116573
0.0487096
-0.0842636
0.128477
-1.25186
0.0224467
-0.259753
-0.704383
-0.256754
-0.220224
0.337554
0.642552
-1.07996
-0.728988
-0.17536
0.52792
-0.364248
-0.00616769
-0.0582933
-0.488184
-0.258407
-0.0428521
-0.542391
-0.0768891
-0.104649
0.395462
1.2327
-0.191447
0.306792
0.30438
-0.328848
0.457158
0.246928
0.489762
-0.0426779
-1.40596
0.284683
0.0150619
-0.715111
0.174366
0.395586
-0.915512
0.342754
-0.189384
0.00929837
1.40044
-0.000609321
0.1754
-1.80006
0.981043
-0.073896
0.997056
-1.14065
-0.106708
-0.0215761
-2.31864
-0.6902
0.147295
0.374282
0.634446
0.632906
-0.0485511
0.190532
-0.496558
-0.381405
0.654087
-0.00754125
-0.981044
-0.523964
-0.0464792
0.558206
0.899807
-0.622474
-0.897736
0.5347
-0.130198
1.15094
0.457431
-0.162619
0.308625
1.05186
0.525874
-0.0684129
-0.0608867
-1.40181
0.582752
0.0398847
-0.287893
0.134965
-0.193262
0.850617
1.52432
-1.26943
0.663427
0.226759
-1.86659
-0.162297
0.60331
0.076583
0.863345
0.197167
-0.183449
-0.0545713
-0.552593
-1.77666
0.826539
-0.550322
-0.356862
-0.606344
-0.0570202
1.0763
-1.82059
0.0733276
0.116235
-0.108228
-0.127899
-0.00378671
-0.33698
0.226342
0.681237
0.363531
-0.0678759
0.761708
-1.7005
0.29567
-1.85206
-0.624431
1.21381
-0.329386
-0.0140107
-0.010357
-1.0402
0.425246
-0.475289
