-0.0610743
-1.20967
-0.459164
0.350747
-1.27594
-0.209705
0.532261
-1.87561
0.454195
-0.038867
-3.3011
-0.668135
0.0237381
-0.597696
0.102527
-0.44711
-0.211294
-1.37995
-0.519228
-0.248388
-0.422274
0.44235
-0.404027
0.491081
-1.14668
-0.0612036
0.815965
-0.290139
-0.0274039
-0.283597
-0.74777
0.813324
0.575038
-3.01265
0.393481
0.208345
-0.146559
0.435213
1.26084
-0.472295
-0.0699249
-0.781354
0.35779
0.774733
-0.057214
-0.314564
-0.220964
0.322428
-0.010693
0.716679
-1.75111
-0.997904
0.475127
0.657812
-1.19142
1.43806
-0.25647
-1.70756
0.473884
-0.546962
0.0286225
1.16683
-0.0911142
-0.289986
-0.419516
-0.485131
0.190465
0.11561
0.507836
1.00016
-1.01655
-1.78108
0.319063
1.29002
-0.0201324
-0.0281281
-0.0991298
-0.823785
-0.485648
-0.544754
0.0978078
-0.0413493
0.0667265
-0.236759
-0.729303
-0.311863
0.825924
-0.687397
-0.471421
-0.410108
-1.38436
-0.182113
0.0315069
-0.428446
-0.337396
0.259045
-0.0946654
0.368546
-0.165843
-1.6058
-0.129874
0.328035
0.266288
1.72825
-0.466724
-1.18147
-0.448388
0.290646
0.0734934
1.07846
-1.41392
0.988364
-0.0584107
-0.0228666
-0.855716
-0.82091
-1.08652
0.182619
0.490618
-1.86841
0.290781
-0.749683
0.186237
-1.33805
-0.0109213
-0.56148
-2.1053
-1.44387
-0.420626
0.531511
-1.48065
-0.61294
-0.0418896
-0.8792
-0.929193
1.01372
0.277283
-0.187935
0.141011
0.0771465
-0.063401
-1.23555
-0.815261
0.187767
0.933924
1.737
-0.574024
0.517111
-0.784289
-0.337513
-0.0984057
0.451688
0.0148443
-1.5973
0.293475
-0.0293502
0.0681865
-0.609454
-0.0262669
-1.41692
-0.176565
0.026028
0.0258672
0.246343
0.162852
0.624236
-0.702539
1.59065
-0.821756
-1.16617
-0.920387
-0.304623
0.00810358
1.2437
-1.99716
-0.561581
-0.754517
0.0416866
-0.845904
-0.528765
-0.224361
1.58202
2.68568
0.808275
-0.140167
-0.0190751
-0.85377
-1.27107
-0.0550294
-0.622301
-1.30128
1.71288
-0.169028
0.542479
-0.541022
0.486617
0.238212
-1.54063
-0.421207
0.966964
0.522113
1.94139
0.002279
-0.162501
-0.109016
-0.223033
-0.682035
0.608096
-0.193746
2.08333
1.4728
-0.577068
-0.66468
0.36557
1.9771
-0.736951
0.505499
1.1907
0.302492
-0.188683
-0.0824509
-0.0223353
-0.0894647
0.109103
-0.350306
-0.869405
0.84689
-0.484375
-1.03921
0.640253
1.0407
0.667049
-0.558911
1.35501
0.406891
-0.164565
0.0809951
-0.239972
0.547368
1.59617
-0.632485
0.730081
-0.830246
-0.874232
-0.28945
0.408638
-1.29217
0.821474
0.437354
-0.834055
0.508768
0.27199
0.0702055
1.41613
-1.73696
0.398009
-0.0823691
-0.734193
1.34337
0.250001
0.835509
-1.3043
1.01809
-0.352211
-0.702774
0.663564
1.78558
1.86968
-0.0608688
-0.75865
-0.0739067
0.34434
-0.485888
1.98194
0.174013
-0.646348
-1.16583
0.49185
2.73665
1.04359
0.220949
0.611034
-0.941081
-0.850412
-0.0508917
0.0146111
-0.614285
-0.892811
0.194556
-0.768388
-0.202854
0.267681
-0.120331
-0.724651
1.06515
1.08506
-1.30442
1.16297
-1.23907
-0.22078
-0.0474991
-0.0307815
-0.842391
1.41224
0.133159
0.456756
0.590617
-0.387747
-1.86946
0.442041
1.14612
-0.69529
0.306905
-0.0169558
-0.104331
-0.856195
-0.0713044
-0.753302
-0.0786027
-1.90392
-0.150847
0.411571
-0.402989
-0.388752
-2.69123
-0.270293
0.307314
-1.05626
-0.736048
0.0369261
0.463987
-0.961771
-0.0251617
-1.39625
1.20025
0.0542326
-0.0586867
0.170283
0.394532
0.0915064
-0.480573
1.63189
3.0571
0.320445
-1.1487
2.05405
0.739321
0.80408
-0.0983397
0.275114
-0.414097
-0.115814
-0.371877
1.0201
-0.218535
0.104597
-0.173386
-1.53699
-0.17642
-0.552523
0.972197
0.717106
-0.753314
0.0724916
-0.0297907
0.163128
-0.941279
-0.564756
-0.0904909
0.320644
-0.826941
-0.296623
-1.3654
0.287908
-0.405945
1.32965
0.419994
-0.5419
-0.0822235
1.17007
0.101377
1.48695
-2.72962
-0.104304
-0.0338603
-0.339071
0.152594
0.712319
-1.65553
-0.427017
-0.0520911
1.03419
0.292199
-0.590158
0.0583674
0.954047
-0.0390061
-0.100624
-0.0674326
-0.371865
-0.0577389
-1.26643
-0.901604
0.666808
-0.178155
-0.421103
-0.0660116
-0.236849
0.542599
-0.342504
-1.7384
0.412119
-0.0404742
-1.27314
-1.38174
-0.403582
-0.504593
0.459244
-0.474342
-0.256396
1.04804
0.225076
-0.904333
1.28416
0.21303
0.555893
-0.780033
0.393678
-0.0756838
2.1341
-2.44894
1.04524
0.737002
-2.23968
0.853487
1.37043
0.509947
-0.207609
-0.846054
1.46271
-0.706471
-2.6501
-0.189049
0.818026
-0.108745
0.111129
-1.03252
1.06268
0.29515
-0.124351
0.11826
-0.375343
-0.54776
-0.771698
0.307077
1.5231
-0.261962
-0.506648
0.832178
0.373649
-0.0054757
-1.00683
-0.220827
0.821582
-0.5253
-0.158196
0.555031
-1.11833
-0.464639
0.46124
-1.13135
0.917337
0.753835
-0.407024
-0.590795
-0.327551
-0.000966502
1.06732
-0.941621
0.463993
0.537219
0.182609
-1.45908
0.528684
0.227568
-0.53093
-0.535352
0.694816
0.337551
-2.14672
0.317666
0.848206
-0.0953526
-0.457914
-0.537118
-1.46722
-0.624097
0.900845
0.213195
-0.228165
-1.52443
-1.24783
1.47254
-0.994643
0.598035
-0.611435
-1.8295
0.101992
0.0463541
-1.37162
-1.08488
-0.0385501
