-0.612893
-0.146934
0.471955
-0.0269103
-0.604907
-0.398189
0.736852
0.411562
-0.269294
-0.762983
0.993705
0.27011
0.00365421
-0.254684
-2.31034
0.256314
0.210606
-0.259585
1.10452
0.239234
-0.694442
-0.167894
6.13606
-1.26411
-0.506524
-0.60976
0.495769
0.357746
0.0284209
-0.238215
-0.171551
0.863825
1.32462
-1.73639
-0.440561
1.54381
0.385337
0.373659
-1.9972
1.10542
-0.547737
0.115014
0.115759
-0.125994
-0.0761101
0.831599
0.12799
1.07811
-1.25293
0.285393
-1.3618
0.271811
-0.673062
0.570984
-0.0327665
0.0621388
0.0610891
-1.4074
-0.245046
0.948073
0.00329482
1.18744
0.961678
-0.65027
0.289857
0.00377713
0.733883
-0.229853
-1.16111
-0.831707
-0.406912
-1.47699
-0.840057
0.947174
-0.0780893
-1.30623
0.0545033
-1.7924
0.20671
-0.429208
-0.296149
0.0962732
-0.613778
-0.0251334
-0.30025
0.228331
0.35599
0.305945
0.0134933
0.0158598
-1.64247
-0.177365
-0.0596577
-0.198197
-0.56526
0.0564437
-0.657133
0.21439
0.0342246
-0.407139
0.586688
0.58709
-1.36213
0.581427
0.0778942
-1.00042
0.964774
1.24411
0.0127632
0.898746
1.4714
0.104344
-0.138945
-1.38259
-0.233825
-0.149571
0.348292
-0.635152
-0.325134
-0.585947
-0.0353369
0.00288067
-1.02035
-0.411683
-0.0286584
0.116239
-2.56737
0.137923
0.705638
-0.354609
-0.700073
0.476333
-0.512523
0.0959759
1.28413
-0.913429
0.685287
0.697978
-1.38268
-0.412275
-0.0329948
-0.0755401
-0.0069614
0.0781785
0.391305
0.451802
-0.858554
0.415676
0.0395474
-0.464047
2.20992
0.850208
1.63209
-1.21268
-0.0681005
0.684391
-0.0571647
-0.134784
0.578898
-1.19098
0.46031
-0.643948
1.38848
0.594819
-0.0176747
1.30292
-6.35047
0.566197
-0.0178618
-0.881469
1.20664
1.00275
-0.0346715
1.00176
1.79465
0.394963
-0.0663915
-0.0373638
-0.234807
-0.474859
-1.54199
1.8103
-1.40138
0.88551
-0.210557
1.32996
0.591835
-0.18449
-0.0509142
0.898741
0.543174
0.8299
0.449538
0.0372118
1.00836
-0.0156865
0.819548
-1.90074
0.0522901
1.29156
1.44703
0.334291
-0.227018
-0.402998
-0.0225377
-0.806734
-0.335239
0.28502
-0.301818
1.37333
0.069404
-0.926595
0.0286842
1.13609
-0.0601765
0.389232
1.40121
1.07362
0.541111
-0.708707
-0.0848069
0.117912
0.436439
0.093583
0.46273
-0.531153
0.204367
-0.719585
-1.04241
0.818383
-3.9949
1.01606
-0.500385
1.29786
-0.0713132
-0.0619755
-0.0463311
0.610156
-0.0973117
0.145265
-0.268344
0.504266
-0.31146
0.468013
0.826136
-0.448581
-0.162967
0.21029
-0.796653
-1.73678
-0.784891
-0.530869
-0.0687338
1.40479
1.56242
-0.150078
0.634489
-0.686439
0.626511
1.12684
0.506463
-1.35874
-0.231555
0.151766
-0.871289
-0.552881
-0.737284
-0.489906
-0.0964454
-0.164233
0.763745
1.0726
0.18496
0.0789506
-0.991577
-0.296426
-0.0999349
1.61251
-4.61522
0.0817207
0.602483
-0.817338
0.51246
-0.319368
0.043352
0.85112
0.535911
-0.247553
0.545236
0.0986587
-0.718502
1.27911
0.536149
-0.490325
-2.83985
0.992996
-0.404106
-0.203611
0.73819
-0.921855
-0.0110963
0.104897
0.792206
1.64543
-0.617901
1.33947
0.940967
0.166578
-0.0570055
1.5803
0.361224
0.578212
0.663119
-0.0813781
-0.0542404
0.707073
-0.0534153
-0.600439
0.369645
-0.970314
1.06442
-0.00334832
-0.964189
0.301478
0.62763
-0.434616
0.449996
-0.102189
-0.198321
0.100863
-0.141658
0.936744
0.0391196
-1.77195
-0.304343
-0.908511
-0.0889719
0.0768292
0.340725
0.880686
0.528677
1.84806
-0.500143
0.550676
-0.60081
-1.1896
-0.705749
0.25341
-0.0222009
0.162831
0.310075
0.142602
-0.520658
1.05485
-0.225589
-0.526793
0.189383
-0.809178
-0.657936
1.22414
1.75794
0.7382
0.486956
0.597742
0.0136546
-0.0452997
1.61228
-0.0793449
-0.569913
-0.443337
-0.942231
-1.22763
0.550312
0.314894
-3.97927
-1.47864
-0.238471
0.989571
-2.24444
-1.07297
-0.053396
1.22116
2.72784
-0.2301
-1.19874
-0.414475
0.411132
0.099502
-0.333217
0.700043
-0.64059
-0.8018
-1.53471
0.216189
0.165274
0.282397
0.0311098
0.874324
-0.0498391
0.480952
0.130842
-0.0109516
-0.734756
-0.0563188
-0.515169
-0.237453
1.18179
-0.839729
0.0309087
1.08742
-1.24575
0.398002
0.0473427
-1.58774
1.35137
-0.533856
-0.647648
0.394044
0.261782
0.410128
0.401499
0.177927
-0.458933
-0.450001
-0.414211
-0.66753
0.07924
-0.180233
0.0835747
1.17726
1.61383
0.375684
0.0692363
-0.582473
-1.18386
-0.0657464
-0.140451
-0.552504
0.626871
-0.674654
0.0902941
-0.046738
0.317501
-0.88787
-0.0109037
0.0300877
1.12718
0.00176389
0.522279
1.19789
-0.850584
0.320395
1.57182
-0.474944
0.362845
-2.51852
-0.303064
1.55433
-0.732124
1.11091
-0.0230435
0.161351
1.80982
-0.122275
-0.139585
-0.030542
-0.699824
-0.951813
-0.547075
0.5485
-0.805606
0.713259
-0.238858
-1.23865
0.102273
-0.280498
-0.0623628
1.42471
1.66043
-0.144584
1.49108
0.448462
-0.779996
1.28295
-0.0870538
-1.54877
0.708186
0.974633
2.21829
-0.551509
-0.104553
0.670658
0.0195397
0.125739
0.248292
-0.514142
0.010908
0.308406
0.0796264
-0.0288964
-1.64036
0.154567
0.946825
-0.392258
0.272386
0.813554
0.794764
0.0163318
0.0413241
-1.56606
-0.220514
-0.424085
