-0.955523
0.152168
0.567592
0.322718
-0.757322
-0.907569
1.47396
-1.66915
-0.39588
-0.730176
-0.130223
-0.963227
-0.0900081
-0.325605
2.48096
-0.349058
1.21262
-0.263358
0.338322
-0.248331
-0.192246
-0.00434687
-1.56139
1.04836
-0.13418
-0.182212
-0.257814
0.720991
0.0206103
-0.926981
-0.805084
0.13826
-0.0201827
-1.96904
-0.248287
-0.152483
1.35245
0.00153715
1.88698
1.47581
0.593316
1.00644
0.284577
0.685973
-0.0194354
0.370739
-0.663957
0.869695
-0.97753
0.610927
-6.35968
0.0041326
-1.65148
0.169093
0.77657
-0.628959
-0.243826
-1.13156
0.742991
0.0735338
-0.00789262
1.05276
-1.00034
-0.130915
1.25746
-0.837646
1.33969
0.0572483
-1.47624
-0.642996
-2.51864
-0.968648
-0.00574286
-0.746725
-1.01973
-0.408214
-0.0719554
-0.64903
-2.29558
-0.373901
-0.602248
-0.299396
0.0149137
-0.323238
-1.30962
-0.642648
-0.549682
0.145233
0.0669515
-0.395254
-0.039242
0.386587
-0.0662199
-0.658999
-2.75741
-0.0677117
-0.631733
0.0772948
-2.30177
-0.0757165
-0.189505
0.285116
-0.473296
-1.10925
-0.0612618
-1.13086
-0.632402
0.460361
-0.0679279
0.13086
-1.28252
-0.744645
-0.521978
-0.412306
0.156581
-0.0651693
0.165809
-0.838295
0.603949
0.26823
-0.411473
-0.00645112
-1.01407
-2.02084
-0.0258687
-0.0170893
0.887256
-0.529693
0.750929
0.664405
0.604779
0.716123
-0.0775695
-1.76206
0.436355
1.01112
0.268416
-0.747595
1.01655
-0.724681
-0.006502
-1.16081
-1.26251
-0.350645
0.0196936
1.14477
-0.374964
-0.408195
0.996457
-1.15071
-0.574533
1.34102
-0.353772
1.75875
0.0588592
0.828775
0.00269413
-1.02726
-0.493658
-0.840599
-0.402571
1.08516
0.483144
0.189123
0.285721
0.0941145
0.43769
-2.13923
0.285303
-2.42766
-0.819414
0.267887
0.0185868
1.36633
-2.0711
0.0417966
0.00404723
0.322613
0.055127
-0.0033086
-1.35977
1.13695
1.05839
1.32708
0.39556
0.383198
0.136917
0.512678
-0.093104
-0.247287
-0.718117
0.285796
0.548326
1.17241
-3.82168
0.929128
0.888324
-1.19754
-1.01497
1.53764
-0.101371
-1.56729
0.11341
-0.286679
-0.00556059
-0.636688
-0.294962
0.0787943
0.465372
0.571585
0.177521
-0.311429
-0.352305
0.519567
3.28934
1.38331
0.0693076
-0.0510041
0.0161931
-2.13989
0.0368108
-0.514941
-0.0658709
0.0563084
0.0319658
-0.49802
0.989159
-0.825484
0.043598
0.0110913
2.93707
1.36523
-0.529847
0.662033
-0.0131454
-0.851207
-0.0184952
-0.0953964
0.0913963
0.434556
-0.928519
0.578069
0.409722
-0.374352
-0.784737
1.12323
-0.827464
-1.17413
-0.2222
0.0880398
-0.299372
-0.306011
0.0297251
1.3177
-3.30453
0.939641
-0.649895
-1.75898
1.2987
0.0808483
1.28455
0.241287
-1.00565
1.33503
-0.790751
-0.280774
0.816923
-0.554958
-0.0705663
-0.105636
-0.840182
0.621525
-0.0152072
1.02889
0.36008
0.565594
0.726182
0.525388
2.89142
0.510171
-0.103846
0.907374
-0.439457
0.232894
0.0106482
0.297875
-0.463593
-0.28207
-0.799143
-1.85178
1.26603
-0.130824
0.202265
-0.391277
1.74425
1.22185
-0.904134
-0.769468
-0.720879
1.11154
-0.0742465
0.266615
-0.287282
0.832984
-0.0616435
1.54104
-0.935542
0.377913
-1.9434
1.1261
1.26776
-0.389243
1.06745
0.913274
0.417438
-1.11103
-0.0862693
0.0799873
-0.999633
-0.0384497
0.194138
-0.681834
0.124443
-0.205881
-2.03087
0.115495
0.224302
0.443336
-0.778856
-0.2074
-1.01493
-0.413373
0.0486129
-0.377463
0.842001
-0.138084
-0.102202
-0.109373
-1.4618
-0.0557195
-1.69485
0.735496
2.56155
1.12534
-0.667457
-0.474903
0.158489
-1.64232
-0.106849
0.287702
-0.926598
0.365513
0.468479
1.12837
0.928723
0.278415
0.22118
-0.509678
-1.11107
0.184491
0.490537
-0.36558
-0.446073
0.62722
0.0507094
-1.01724
-1.32611
-0.395625
-1.09856
-0.41737
0.042588
0.740289
-0.0419827
0.517598
1.00224
-2.08974
0.586941
-0.422466
0.045615
-0.85217
-0.0415475
0.497121
-2.25166
0.372698
0.546543
-0.460206
-0.286298
0.434915
-2.86482
0.722729
2.16019
1.95527
1.18509
0.846079
0.132811
0.163661
-0.0106316
0.204526
-1.6047
0.586338
-0.829833
-0.732717
0.233721
0.228476
0.416027
0.576992
-0.226647
-1.53924
-0.149782
2.69474
-0.585018
1.6339
-0.0410457
-0.695663
-0.936113
-0.309553
-0.184534
0.696481
0.741472
-1.47749
0.57548
0.209501
-1.48399
-1.32313
-0.440896
-1.44869
-0.446681
-1.53039
0.0162953
1.66695
-2.3616
0.85305
-0.34226
-1.89423
-0.594899
0.815834
-1.26883
0.138146
0.435915
1.74415
-0.0937683
0.704882
-0.0719202
0.70033
0.0362433
0.315294
-0.720219
-0.120657
0.136767
-0.454638
0.196181
-0.0779932
-0.668309
0.956887
0.105737
0.80768
0.43376
0.175695
1.28986
1.1922
-0.0315961
0.414833
0.900373
0.306435
0.0882467
-0.370396
-0.344605
-0.610182
0.0016934
0.379195
-1.48788
-1.37238
0.662552
-1.26005
0.622646
0.0912029
0.0173056
0.938807
-1.53386
-0.307211
0.0769387
0.584921
0.0114171
0.041657
0.598404
-1.53334
-0.706807
1.73138
0.898542
1.10949
0.358189
0.755947
-0.0342248
0.0198931
-0.521784
-1.08106
-0.207418
-1.3235
-1.05414
-0.0535802
-1.71394
-0.200172
1.19756
1.18125
-0.200043
-0.385695
0.781522
-0.834649
-0.103539
-0.81949
0.790369
0.596849
