-0.0289551
0.158431
0.489331
-1.52558
-0.745385
-1.20519
1.62412
-0.564945
-0.0309728
0.292999
-1.23899
-1.5899
-0.0355286
-1.37881
-2.31062
-1.24258
1.37265
-1.16784
-0.0076583
0.0585385
-2.36243
1.59731
-0.0747567
-1.30345
0.295612
0.576105
0.758638
-1.87359
-0.0672005
-0.092318
-1.50657
0.486642
1.60058
-3.48861
0.390742
1.89133
-1.35744
0.525786
-0.093157
1.46292
0.900267
-1.33621
0.810362
0.774577
0.085878
-0.0246549
-0.850742
0.942105
-0.646708
0.339441
-0.276925
0.209899
1.74269
1.27958
-0.156152
1.08281
-0.887834
-0.823603
-0.483577
0.264889
0.0151255
1.52738
0.0745951
0.294061
-0.0658605
-1.83994
-0.0773397
0.665587
1.41529
0.868593
2.93445
-3.33051
-0.119188
1.79157
0.067159
-0.668582
-0.0866614
-1.76509
-1.01815
-1.46536
-0.349557
0.35613
-0.451297
-0.155733
-0.340652
-0.642321
-0.615857
0.768774
-0.360273
-0.492052
-1.30543
-1.22861
-0.0512525
-0.819415
-0.279507
-0.180282
-0.275856
1.30332
1.37636
-0.122499
-0.833932
-0.671772
0.242794
-0.215053
-0.199922
-2.3628
0.361757
0.274018
-0.038335
1.51941
-0.70501
1.05174
-0.55396
-0.140012
-0.7132
0.35006
0.667715
0.0734938
-0.61347
-0.332879
-0.449357
-0.498531
-1.65179
-0.477168
0.0795913
-0.942168
-0.939306
-0.0481428
0.994278
1.234
1.05529
1.05606
-1.26884
-1.16936
-0.684275
-2.41051
2.15295
-2.29156
1.25738
-0.0931045
0.0492057
-1.71385
-2.07804
0.35137
0.833846
2.38157
-0.67094
1.00352
-1.28156
-0.527694
0.267874
1.40502
1.89833
0.877336
0.162813
-0.714135
-0.0384197
-0.208606
-1.5723
-2.51358
0.565832
0.0933591
1.03074
-0.868441
-0.810348
0.13384
-0.317907
-0.54926
0.181329
-0.451804
-1.60562
-0.961814
-0.0722447
1.2125
-0.836053
-0.995469
-0.579998
0.744655
-0.36659
-0.273142
0.699762
2.22732
-0.936023
1.44167
1.82619
-1.75511
-1.228
-1.32846
-0.0130781
-0.53739
-2.10493
3.11072
1.82847
1.06835
0.143081
0.907626
-0.135178
-1.67989
-1.37704
1.62226
1.37834
0.7931
1.70984
1.22595
-0.033063
-0.999021
-1.83637
0.975937
-0.449109
2.31798
0.859132
-1.60964
-1.20033
1.70788
0.925962
1.45628
1.72415
0.473738
0.631704
0.517099
-0.0737523
-0.0811799
-0.461227
0.0564832
2.83063
-1.21159
0.818168
-1.09084
-2.0428
1.91861
-1.62521
0.623527
0.345809
-0.483383
1.5935
-0.199265
0.0112625
-0.36409
-0.706115
1.81475
-0.630062
-0.183694
-0.197846
-0.412838
0.438161
0.97752
0.174536
1.32797
-1.16096
0.00558538
1.35334
1.20062
0.048535
2.20291
-2.36841
-0.270955
-0.087197
-1.45411
0.0301154
0.953692
1.02338
-1.18946
-0.0184929
1.02854
-1.87091
0.352505
1.17032
0.440791
0.0573356
-0.799539
-1.03509
0.883449
0.623269
1.67993
0.337228
-0.285117
-1.68728
1.93928
-0.358933
0.448719
1.3361
2.55464
-2.27815
-1.5731
0.0221031
0.893096
-3.12045
-1.17432
1.28193
-0.912968
0.269011
1.30303
0.561604
0.279351
-1.81587
1.78152
-2.93188
0.355497
-3.06695
-1.09608
-0.0722726
0.181872
-2.08865
3.70627
-0.382822
1.15504
0.351739
-0.339883
0.475465
0.00811365
0.859084
0.531329
0.135023
0.125508
0.69637
0.324241
0.0528329
-0.816381
-0.199024
-0.975524
-0.133112
0.438227
-1.29554
0.0765723
0.1604
-0.782031
1.15444
2.3804
-0.411336
0.259642
-0.773009
-0.0687906
-0.0789458
-2.305
-0.692736
-0.783557
0.396528
0.153394
1.91121
1.08699
-0.0235748
2.756
-1.78194
0.298977
-2.35394
3.64852
1.20453
1.44315
0.0336096
1.1857
-1.17531
0.993179
-0.414395
2.08522
0.321259
-0.918398
0.113308
-1.36163
0.205198
2.96982
1.47271
0.396618
-1.43833
-0.932414
-0.0484414
-0.410277
-1.74999
-0.53301
0.379895
0.115094
-0.330106
-0.272175
0.218558
0.964527
-1.14443
-0.064683
-0.597043
-0.959691
0.235342
-0.238557
0.062604
1.51743
-3.00245
-0.365494
0.392642
0.230846
1.81812
0.217058
-0.102386
0.828077
-0.318378
1.5944
0.563753
0.55316
0.452599
1.63846
-0.0961687
-0.685905
-2.13146
-0.0426577
-0.554755
-0.645173
-1.6217
-0.475695
2.81938
-0.0377393
2.79813
-1.67671
-1.54653
-0.0163277
1.4878
2.0153
-0.0775348
-0.847947
-0.718641
-0.740212
-1.83187
0.255139
-0.603168
-0.224952
1.24052
0.298203
-1.38515
0.555178
0.285161
-1.34869
-2.60036
0.0854828
0.00557874
1.72557
-4.42271
0.402793
1.69145
-1.96903
0.661129
2.86904
1.3826
0.4986
-0.892906
1.43923
1.99086
-0.0292126
-0.0943119
1.08008
0.0327958
0.264608
-2.0901
-0.102945
-0.479806
-0.220581
0.942144
2.10997
-1.01057
0.722555
-0.834995
-0.371603
-0.737559
0.928225
-0.194974
0.0741243
0.0790634
-0.413122
-1.60325
0.6147
0.0249857
-0.124836
0.790613
-0.86031
0.314572
0.594715
-1.64676
0.551531
1.20566
-3.12851
1.06197
0.144625
0.0545363
0.895504
-0.977991
0.424034
1.81053
0.872424
0.230432
2.77538
2.24146
-0.719912
-0.478264
1.46765
3.22293
0.270813
0.653369
1.23071
0.0275135
0.437818
-1.3526
-2.53509
0.038383
0.320075
0.146503
-0.986162
-4.81686
-1.08056
-0.60854
-0.412686
-1.06902
-0.154742
1.70848
0.05245
0.0364865
-2.37572
-0.745284
-1.35783
