[ 0.4892652   0.07370627  0.31787524  0.33321556  0.54716766  0.26811373
  0.          0.          0.20650758  0.72874469  0.06202767  0.          0.
  0.30702785  0.04962004  0.36911625  0.82895553  0.03921979  0.86447757
  0.56823152  0.60244495  0.28092751  0.          0.          0.37221152
  0.          0.17228453  0.27349186  0.          0.2789889   0.08081109
  0.40109107  0.76176006  0.1345052   0.83737826  0.53580666  0.48412502
  0.04830456  0.17443368  0.          0.37341225  0.          0.08127538
  0.70277005  0.          0.12116187  0.14261566  0.17149235  0.58949566
  0.15025017  0.07423259  0.51784843  0.          0.01012815  0.          0.
  0.24609831  0.02795608  0.          0.62082946  0.          0.54536074
  0.09678292  0.46266165  0.31714842  0.1426249   0.          0.32010475
  0.          0.04141084  0.          0.          0.27223215  0.          0.
  0.          0.          0.65739369  0.          0.52971703  0.55085862
  0.07648741  0.          0.38409251  0.          0.07112713  0.          0.
  0.49048263  0.          0.          0.          0.          0.56103247
  0.          0.56633192  0.48623574  0.          0.          0.37424091
  1.0362854   0.17774104  0.          0.          0.38709113  0.
  0.06497853  0.          0.          0.29484734  0.          0.31834865
  0.72781342  0.03706212  0.69953698  0.55229014  1.35708869  0.18332927
  0.          0.          0.25986105  0.          0.02832356  0.59215671
  0.          0.29937446  0.          0.39732507  0.74221188  0.0559686
  0.53687394  0.37895396  0.44778502  0.09095243  0.          0.
  0.22326642  0.          0.          0.99957812  0.          0.39556631
  0.          0.1436248   0.96191585  0.13082987  0.          0.3160519   0.
  0.16744336  0.          0.          0.27280152  0.          0.
  0.69686025  0.          0.64708692  0.          0.35391065  0.8718791
  0.13696773  0.          0.21268825  0.          0.11998834  0.          0.
  0.29572982  0.          0.04918955  0.          0.          0.6676451   0.
  0.46073648  0.86671585  0.07251228  0.          0.34627181  0.56508011
  0.04056564  0.          0.          0.31334776  0.08931215  0.5904265   0.
  0.          0.45647633  0.          0.42795029  0.7308619   0.          0.
  0.26435494  0.67162335  0.1029071   0.          0.          0.16527601
  0.21714692  0.6064356   0.11649229  0.          0.57536465  0.
  0.25291497  0.84088707  0.03753528  0.          0.38738832  0.
  0.12598366  0.          0.          0.28194842  0.          0.01582251
  0.27222335  0.          0.86707318  0.          0.28756681  0.7670483   0.
  0.          0.34494135  0.          0.10800673  0.          0.
  0.30168253  0.04995386  0.          0.          0.          0.78815532
  0.05761308  0.05076011  0.74887043  0.          0.21149202  0.58686781
  0.          0.02605812  0.          0.          0.22336182  0.28675386
  0.          0.38857859  0.          0.51510692  0.03825432  0.21696451
  0.64410043  0.07353552  0.42109662  0.52691162  0.45916888  0.14445516
  0.03678116  0.10317459  0.13083111  0.27326992  0.          0.76797068
  0.          0.40482339  0.01551153  0.25801736  0.73488802  0.05349829
  0.38986161  0.56798649  0.57905251  0.12303463  0.02358676  0.
  0.21542224  0.20620085  0.          0.52732694  0.          0.63346791
  0.03879779  0.23871087  0.64603645  0.07598964  0.17003253  0.40237206
  0.3544105   0.12330716  0.          0.          0.39775938  0.49799037
  0.00638762  0.          0.          0.6864627   0.08037262  0.16346502
  0.6891591   0.05943891  0.          0.45550084  0.          0.14798628
  0.          0.          0.43855068  0.58939064  0.          0.          0.
  0.61636031  0.          0.3521235   0.44703928  0.          0.
  0.29035297  0.          0.22846887  0.          0.          0.29806098
  0.4187713   0.          0.          0.          0.44399536  0.
  0.33682522  0.39255106  0.00780043  0.00803896  0.44996917  0.
  0.14036532  0.          0.00437077  0.40332144  0.42687479  0.
  0.94239044  0.          0.2499809   0.          0.48533228]
