[  -5.72166967  -11.3356657    -2.6473093    -0.97252417   -2.01459265
    3.35912323    3.06751633   13.0748806    12.25751495   -7.64571714
  -15.55271339    9.23860455   -3.18518996   -2.53677368   -7.7917757
  -27.97585678   -4.09380913  -14.78258896    4.15357304    5.33069038
  -11.82160854    4.71755028   -4.91608715   10.33630943    4.83460093
   -3.76546669   -1.87182593  -13.19968319    3.42460012   -6.52192211
    3.12651181    4.69467592  -26.95426941  -80.84252167  -63.82040024
   -2.9272294    10.78625488   -6.65899944   -4.60849905   -7.6847105
 -116.91964722   -7.16580868   -9.9405508    -5.79367733   11.49319744
   -2.54867625   -7.74167585  -25.80250359  -11.90636444   -3.46308517
   -6.22118711  -13.67896175  -10.51685429  -11.21719646   -1.95911336
  -16.06805229   19.57319832    4.05586004   11.37333393   -5.91954756
   -6.09017992  -14.66080284    7.62816429    8.26213169]
