row 0:
[ 0.          0.          0.          0.03358119  0.02602877  0.
  0.01547643  0.          0.00102228  0.          0.          0.00098624
  0.02635964  0.01440853  0.          0.          0.03154659  0.          0.
  0.01153723  0.          0.03866497  0.          0.          0.00348823
  0.          0.00407316  0.01712801  0.00619428  0.          0.02521967
  0.00154792]
row 1:
[  0.00000000e+00   0.00000000e+00   1.98132111e-05   3.59764285e-02
   2.86458042e-02   1.63182337e-03   2.23155990e-02   0.00000000e+00
   2.21844460e-03   0.00000000e+00   0.00000000e+00   0.00000000e+00
   3.14482413e-02   2.47100051e-02   0.00000000e+00   0.00000000e+00
   3.29430997e-02   0.00000000e+00   0.00000000e+00   6.43046107e-03
   0.00000000e+00   3.60545255e-02   0.00000000e+00   0.00000000e+00
   1.94090861e-03   0.00000000e+00   6.87431917e-03   1.21840350e-02
   7.22687598e-03   0.00000000e+00   1.69887170e-02   5.49403194e-04]
row 2:
[  0.00000000e+00   0.00000000e+00   1.36054605e-02   3.57617401e-02
   2.76367664e-02   1.49643421e-03   2.84182709e-02   0.00000000e+00
   5.66781778e-03   0.00000000e+00   0.00000000e+00   0.00000000e+00
   3.68135571e-02   3.41645181e-02   3.67154181e-03   0.00000000e+00
   3.20381783e-02   0.00000000e+00   0.00000000e+00   6.73790812e-04
   0.00000000e+00   3.31453383e-02   0.00000000e+00   4.67242389e-05
   4.30696469e-04   0.00000000e+00   6.40202500e-03   6.07067067e-03
   8.10144655e-03   0.00000000e+00   6.90499833e-03   9.31095914e-04]
row 3:
[ 0.          0.          0.02669308  0.03315661  0.02484214  0.00364468
  0.03315776  0.          0.00823528  0.0013338   0.          0.
  0.04095509  0.04213327  0.00879773  0.          0.02974747  0.          0.
  0.          0.00112514  0.02862991  0.          0.0020905   0.          0.
  0.00531839  0.          0.00828046  0.00424921  0.          0.00134904]
row 4:
[ 0.          0.00086046  0.03796931  0.02802676  0.01934337  0.00403423
  0.03628708  0.          0.0123351   0.00983565  0.          0.
  0.04305884  0.04690971  0.01443206  0.          0.02479867  0.          0.
  0.          0.00191534  0.02343773  0.          0.00266779  0.
  0.00170611  0.00211706  0.          0.00870952  0.01437061  0.
  0.00331281]
row 5:
[ 0.          0.00558625  0.04689955  0.02168931  0.0140159   0.00459277
  0.03752525  0.          0.01472647  0.01810059  0.          0.
  0.04196353  0.04912264  0.01863262  0.          0.01876145  0.          0.
  0.          0.0022756   0.01644842  0.          0.00314925  0.
  0.00767873  0.00035439  0.          0.0083295   0.02307569  0.
  0.00527673]
row 6:
[ 0.          0.01017922  0.05278184  0.01357897  0.00732402  0.00328742
  0.03640386  0.          0.01686504  0.02489918  0.00027993  0.
  0.03872926  0.04801108  0.02175224  0.          0.01116475  0.00516649
  0.          0.          0.00301212  0.0085964   0.          0.00301009
  0.          0.01373375  0.          0.          0.00758524  0.03094325
  0.          0.00724899]
row 7:
[ 0.          0.01346589  0.05594238  0.0056265   0.00106404  0.00317641
  0.03351923  0.          0.016939    0.03070071  0.00785924  0.
  0.03325348  0.04433734  0.02374304  0.          0.00296144  0.01328555
  0.          0.          0.00333968  0.          0.          0.00327917
  0.          0.01812048  0.          0.          0.00552669  0.03636312
  0.          0.00897304]
row 8:
[ 0.00081244  0.01606182  0.0561611   0.          0.          0.00227659
  0.02892554  0.          0.01611527  0.03478923  0.01445897  0.
  0.02602831  0.03859191  0.02393752  0.          0.          0.02077899
  0.          0.          0.00358469  0.          0.          0.00308057
  0.          0.02051785  0.          0.          0.00342461  0.03918284
  0.          0.0097328 ]
row 9:
[ 0.00235952  0.01705782  0.05383881  0.          0.          0.00213915
  0.02346716  0.          0.01470398  0.03756345  0.01997847  0.
  0.01721514  0.03096591  0.02316934  0.          0.          0.02713692
  0.01017626  0.          0.0044466   0.          0.          0.00256412
  0.          0.02188487  0.          0.          0.00131251  0.04010187
  0.          0.00969834]
row 10:
[ 0.00352669  0.01708682  0.04960139  0.          0.          0.00057702
  0.01680197  0.          0.01244983  0.03898883  0.02374735  0.
  0.00803594  0.02277942  0.02139344  0.          0.          0.03244174
  0.02033451  0.          0.00429586  0.          0.          0.00229601
  0.          0.02113782  0.          0.          0.          0.03883187
  0.          0.00974402]
row 11:
[ 0.00613414  0.01676126  0.04385928  0.          0.          0.00041389
  0.01005578  0.          0.0092271   0.03908781  0.02649965  0.          0.
  0.01396812  0.0186882   0.          0.          0.03654916  0.02974874
  0.          0.00354272  0.          0.00563599  0.00194572  0.
  0.01953349  0.          0.          0.          0.03587624  0.
  0.00837978]
row 12:
[ 0.00825093  0.01640702  0.03621794  0.          0.          0.
  0.00284844  0.          0.00625757  0.03729007  0.02895417  0.          0.
  0.004985    0.01528581  0.          0.          0.03890232  0.03777302
  0.          0.00239894  0.          0.01304915  0.0010726   0.
  0.01817213  0.          0.          0.          0.03207413  0.
  0.00651017]
row 13:
[  9.01071075e-03   1.44349523e-02   2.82201562e-02   0.00000000e+00
   0.00000000e+00   5.13665327e-05   0.00000000e+00   4.77501380e-05
   2.40716478e-03   3.50021347e-02   2.92492975e-02   0.00000000e+00
   0.00000000e+00   0.00000000e+00   1.13830650e-02   0.00000000e+00
   0.00000000e+00   3.95901352e-02   4.38543521e-02   0.00000000e+00
   2.25028745e-03   0.00000000e+00   1.95787679e-02   2.72663201e-05
   0.00000000e+00   1.55927641e-02   5.67848096e-04   0.00000000e+00
   0.00000000e+00   2.72065382e-02   0.00000000e+00   5.27431257e-03]
row 14:
[ 0.0104967   0.01271331  0.01932235  0.          0.          0.          0.
  0.00026005  0.00043404  0.03124298  0.02984906  0.          0.          0.
  0.00747907  0.          0.          0.0394288   0.04910349  0.
  0.00099194  0.          0.02600221  0.          0.          0.01446366
  0.00192184  0.          0.          0.02327161  0.          0.00416709]
row 15:
[ 0.0120257   0.01028915  0.00993466  0.          0.          0.          0.
  0.0009383   0.          0.02718313  0.02947715  0.00381715  0.          0.
  0.00331183  0.          0.          0.03812959  0.05348863  0.
  0.00065201  0.          0.03190144  0.          0.          0.01240474
  0.0041749   0.          0.          0.0182406   0.          0.00249413]
row 16:
[ 0.01068089  0.0082296   0.00047587  0.          0.          0.          0.
  0.0041825   0.          0.02202115  0.02803162  0.01192084  0.          0.
  0.          0.          0.          0.03592596  0.05519293  0.
  0.00061408  0.          0.03610747  0.          0.          0.00949932
  0.00494611  0.          0.          0.01187483  0.          0.0005421 ]
row 17:
[ 0.00883096  0.00544344  0.          0.          0.          0.          0.
  0.00355881  0.          0.01619684  0.02563     0.01935236  0.          0.
  0.          0.          0.          0.03233227  0.05496704  0.
  0.00092876  0.          0.03920715  0.          0.          0.00629662
  0.00531285  0.          0.          0.00519044  0.          0.        ]
row 18:
[ 0.00774297  0.0034455   0.          0.          0.          0.          0.
  0.00336429  0.          0.00920863  0.02255489  0.02635789  0.          0.
  0.          0.          0.          0.02756904  0.05244422  0.
  0.00043867  0.          0.04036853  0.          0.00077164  0.00168271
  0.00492155  0.00016025  0.          0.          0.          0.        ]
row 19:
[  5.61266998e-03   3.15550387e-05   0.00000000e+00   0.00000000e+00
   0.00000000e+00   0.00000000e+00   0.00000000e+00   4.10345104e-03
   0.00000000e+00   1.80177065e-03   1.77240297e-02   3.21827419e-02
   0.00000000e+00   0.00000000e+00   0.00000000e+00   0.00000000e+00
   0.00000000e+00   2.13281903e-02   4.70593199e-02   1.53190142e-03
   1.65059976e-03   0.00000000e+00   3.96579430e-02   0.00000000e+00
   1.30790321e-03   0.00000000e+00   4.15721675e-03   4.42471774e-03
   0.00000000e+00   0.00000000e+00   3.52764898e-03   0.00000000e+00]
row 20:
[ 0.00414731  0.          0.          0.          0.          0.          0.
  0.00412891  0.          0.          0.01230887  0.03694032  0.          0.
  0.          0.          0.          0.01409488  0.03975652  0.00747283
  0.          0.          0.03697723  0.          0.00175822  0.
  0.00199555  0.00902412  0.          0.          0.01151911  0.        ]
row 21:
[ 0.00328133  0.          0.          0.          0.          0.          0.
  0.00521757  0.          0.          0.006203    0.04081943  0.          0.
  0.          0.          0.          0.00520537  0.02961412  0.01450372
  0.          0.          0.03246255  0.00306544  0.00136875  0.          0.
  0.01339608  0.          0.          0.02063769  0.        ]
row 22:
[ 0.00080161  0.          0.          0.          0.          0.          0.
  0.00459138  0.          0.          0.          0.0431252   0.          0.
  0.          0.          0.          0.          0.01728936  0.0202818   0.
  0.          0.02678478  0.0041519   0.00231106  0.          0.
  0.01760059  0.          0.          0.02920714  0.        ]
row 23:
[ 0.          0.          0.          0.          0.          0.          0.
  0.00350921  0.          0.          0.          0.04325756  0.          0.
  0.          0.00145401  0.00429342  0.          0.00391859  0.02487963
  0.          0.00376781  0.01977514  0.00463914  0.00275063  0.          0.
  0.02174371  0.          0.          0.03673706  0.        ]
row 24:
[ 0.          0.          0.          0.00103731  0.          0.          0.
  0.00313433  0.          0.          0.          0.04215236  0.          0.
  0.          0.00334754  0.01365759  0.          0.          0.02852958
  0.          0.01507847  0.01240798  0.00404073  0.00275558  0.          0.
  0.02502626  0.          0.          0.04311221  0.        ]
row 25:
[ 0.          0.          0.          0.00903649  0.00412434  0.          0.
  0.00286639  0.          0.          0.          0.03949518  0.          0.
  0.          0.00509774  0.02082613  0.          0.          0.0297509   0.
  0.02542643  0.00524034  0.00176607  0.00386915  0.          0.
  0.02711959  0.00083388  0.          0.04755857  0.        ]
row 26:
[ 0.          0.          0.          0.01574933  0.01063821  0.          0.
  0.00281874  0.          0.          0.          0.03483453  0.          0.
  0.          0.00690557  0.02631931  0.          0.          0.02880401
  0.          0.03395958  0.          0.          0.00387818  0.          0.
  0.0284576   0.00433883  0.          0.04948694  0.        ]
row 27:
[ 0.          0.          0.          0.02232734  0.01784679  0.00045803
  0.          0.00155442  0.          0.          0.          0.02927468
  0.00569915  0.          0.          0.00886268  0.02859588  0.          0.
  0.02504592  0.          0.04013202  0.          0.          0.00489168
  0.          0.00050153  0.02846543  0.00753888  0.          0.04895687
  0.        ]
row 28:
[ 0.          0.          0.          0.02684586  0.02491475  0.00073981
  0.00441246  0.00081824  0.          0.          0.          0.02207416
  0.0120475   0.          0.          0.01007219  0.02754186  0.          0.
  0.01922639  0.          0.04255962  0.          0.          0.0056136   0.
  0.00479815  0.02692863  0.01010686  0.          0.044582    0.        ]
row 29:
[ 0.          0.          0.          0.02918685  0.02945879  0.00130692
  0.01396769  0.00105617  0.00062462  0.          0.          0.01427395
  0.01671824  0.          0.          0.00967563  0.02449793  0.          0.
  0.01255066  0.          0.04106645  0.          0.          0.00573234
  0.          0.00839302  0.0235086   0.01071762  0.          0.03752736
  0.0016191 ]
row 30:
[ 0.          0.          0.          0.0300183   0.03295189  0.00163691
  0.02236598  0.          0.0042624   0.          0.          0.00611467
  0.0189506   0.00451842  0.          0.00914764  0.01830227  0.          0.
  0.00340282  0.          0.03648039  0.          0.          0.00600816
  0.          0.01273137  0.01950968  0.01163535  0.          0.02788271
  0.00375755]
row 31:
[ 0.          0.          0.          0.02804597  0.03488376  0.0032479
  0.02903179  0.          0.00632236  0.          0.          0.
  0.01841703  0.00892249  0.          0.00670375  0.01041741  0.          0.
  0.          0.          0.02805109  0.          0.          0.00572552
  0.00504684  0.01744484  0.01345564  0.01117192  0.00344399  0.01620503
  0.00523155]
row 32:
[ 0.          0.          0.00845187  0.02358752  0.03313476  0.00225564
  0.03290854  0.          0.00839237  0.0004175   0.          0.
  0.01650141  0.01238062  0.          0.00416978  0.0014994   0.          0.
  0.          0.00137838  0.01701534  0.          0.          0.00488208
  0.00982715  0.02009009  0.00684442  0.00923994  0.01378902  0.00294267
  0.00722674]
row 33:
[ 0.00017154  0.          0.01999509  0.01675773  0.02835021  0.00218613
  0.03284142  0.          0.00941957  0.01310883  0.          0.          0.0121208
  0.01335057  0.0030868   0.00173736  0.          0.          0.          0.
  0.00381872  0.00427429  0.          0.          0.00372026  0.01401336
  0.02140301  0.          0.00725709  0.02224078  0.          0.00601746]
row 34:
[ 0.00178909  0.          0.02956112  0.00822101  0.02132991  0.00342512
  0.03040147  0.          0.00878031  0.02487053  0.0039948   0.
  0.00641244  0.01307142  0.00691582  0.          0.          0.01148542
  0.01129081  0.          0.00559592  0.          0.          0.
  0.00244972  0.01682446  0.02075177  0.          0.00408261  0.0286671   0.
  0.00551154]
row 35:
[ 0.00252619  0.00440208  0.03549948  0.          0.01177018  0.00274347
  0.02429094  0.00100996  0.00845145  0.03351802  0.01297364  0.          0.
  0.01071101  0.00925387  0.          0.          0.02362678  0.02367348
  0.          0.00714928  0.          0.00416746  0.          0.00103383
  0.01895178  0.01797756  0.          0.00057078  0.03266802  0.
  0.00439362]
row 36:
[ 0.00410361  0.00893359  0.03679208  0.          0.00067441  0.00197972
  0.01566697  0.00073443  0.00785576  0.03874734  0.02172779  0.          0.
  0.00496743  0.01131603  0.          0.          0.03350588  0.03561808
  0.          0.00846329  0.          0.01138948  0.          0.          0.0207036
  0.01361379  0.          0.          0.03447864  0.          0.00235711]
row 37:
[ 0.00680547  0.01301323  0.03379577  0.          0.          0.0019966
  0.00496845  0.00193373  0.00503911  0.04060779  0.02878085  0.          0.
  0.          0.01107125  0.          0.          0.0404988   0.04585222
  0.          0.0071333   0.          0.01884358  0.          0.
  0.01994804  0.00879051  0.          0.          0.03258926  0.
  0.00128502]
row 38:
[ 0.0079385   0.01539345  0.02657707  0.          0.          0.00057042
  0.          0.00336843  0.00195692  0.03807201  0.03359673  0.          0.
  0.          0.00923004  0.          0.          0.04413021  0.05248954
  0.          0.00597701  0.          0.02609832  0.          0.
  0.01862444  0.00350645  0.          0.          0.02814605  0.          0.        ]
row 39:
[  8.68576951e-03   1.57288183e-02   1.53451320e-02   0.00000000e+00
   0.00000000e+00   0.00000000e+00   0.00000000e+00   2.46591331e-03
   0.00000000e+00   3.18776779e-02   3.61816771e-02   8.38751585e-05
   0.00000000e+00   0.00000000e+00   6.32427773e-03   2.03421878e-04
   0.00000000e+00   4.39286679e-02   5.68814315e-02   0.00000000e+00
   4.14815731e-03   0.00000000e+00   3.32403146e-02   0.00000000e+00
   0.00000000e+00   1.66694243e-02   0.00000000e+00   0.00000000e+00
   0.00000000e+00   2.20729057e-02   0.00000000e+00   0.00000000e+00]
row 40:
[ 0.00938485  0.01367558  0.00196906  0.          0.          0.          0.
  0.00282305  0.          0.02391049  0.03505727  0.01044783  0.          0.
  0.0014758   0.00101723  0.          0.04021004  0.05809315  0.
  0.00284638  0.          0.03878047  0.00167687  0.          0.01198409
  0.          0.          0.          0.0130429   0.          0.        ]
row 41:
[ 0.0089975   0.00969771  0.          0.          0.          0.          0.
  0.00229644  0.          0.0141834   0.0310062   0.0206665   0.          0.
  0.          0.00207438  0.          0.03464767  0.05625995  0.          0.
  0.          0.04226337  0.00151018  0.          0.00687662  0.          0.
  0.          0.00393105  0.          0.        ]
row 42:
[  9.12773144e-03   4.26702341e-03   0.00000000e+00   0.00000000e+00
   0.00000000e+00   0.00000000e+00   0.00000000e+00   1.51286914e-03
   0.00000000e+00   4.48815012e-03   2.44312938e-02   3.01410910e-02
   0.00000000e+00   0.00000000e+00   0.00000000e+00   1.79579738e-03
   0.00000000e+00   2.68221758e-02   5.25648110e-02   1.21563138e-03
   0.00000000e+00   0.00000000e+00   4.33955677e-02   6.22264051e-05
   0.00000000e+00   7.04804959e-04   0.00000000e+00   2.38429478e-04
   0.00000000e+00   0.00000000e+00   0.00000000e+00   0.00000000e+00]
row 43:
[ 0.00830502  0.          0.          0.          0.          0.          0.
  0.00211517  0.          0.          0.01582425  0.03727609  0.          0.
  0.          0.          0.          0.01841935  0.04620354  0.00573858
  0.          0.          0.04144137  0.          0.00091027  0.
  0.00204497  0.00748913  0.          0.          0.00862438  0.        ]
row 44:
[ 0.00565202  0.          0.          0.          0.          0.          0.
  0.0016653   0.          0.          0.00568082  0.0409604   0.          0.
  0.          0.          0.          0.01002848  0.03740599  0.00814613
  0.          0.          0.03619792  0.          0.00215144  0.          0.0067401
  0.01421843  0.          0.          0.01660932  0.        ]
row 45:
[ 0.0034173   0.          0.          0.          0.00173961  0.          0.
  0.          0.          0.          0.          0.04059504  0.          0.
  0.          0.          0.          0.00252879  0.02731644  0.00873717
  0.          0.          0.02768539  0.          0.00275715  0.
  0.01232072  0.01947643  0.          0.          0.0216289   0.        ]
row 46:
[ 0.00168189  0.          0.          0.00306125  0.01195591  0.          0.
  0.          0.          0.          0.          0.03595572  0.          0.
  0.          0.          0.          0.          0.01629832  0.00827461
  0.          0.          0.01643906  0.          0.00289019  0.
  0.01721145  0.02197245  0.          0.          0.02296893  0.        ]
row 47:
[ 0.          0.          0.          0.01350957  0.01961478  0.          0.
  0.          0.          0.          0.          0.02742859  0.          0.
  0.          0.          0.00533298  0.          0.00456346  0.00699887
  0.          0.          0.00354965  0.          0.00231099  0.
  0.01959997  0.02161897  0.          0.          0.02097627  0.        ]
row 48:
[ 0.          0.          0.          0.02198906  0.02484167  0.          0.
  0.          0.          0.          0.          0.01611904  0.          0.
  0.          0.          0.01380307  0.          0.          0.00416203
  0.          0.00343743  0.          0.00259866  0.00100888  0.
  0.02041183  0.01868008  0.          0.          0.01636742  0.        ]
row 49:
[ 0.          0.          0.          0.02786166  0.02682498  0.00077823
  0.00495723  0.00068848  0.          0.          0.          0.00299397
  0.0052387   0.01159548  0.          0.          0.0215371   0.          0.
  0.0020168   0.          0.00845278  0.          0.00631047  0.          0.
  0.01872148  0.01346136  0.          0.          0.00974915  0.        ]
row 50:
[ 0.          0.          0.01281724  0.03018671  0.02502909  0.00211544
  0.01369769  0.00051433  0.          0.00121649  0.          0.
  0.01825967  0.02617043  0.          0.          0.02668924  0.          0.
  0.          0.          0.01267743  0.          0.00958972  0.          0.
  0.01425614  0.00650755  0.0007425   0.          0.0017676   0.        ]
row 51:
[ 0.          0.          0.02662095  0.02983785  0.02142377  0.00422757
  0.02108463  0.          0.          0.0071634   0.          0.
  0.02887476  0.03856649  0.00678269  0.          0.02935563  0.          0.
  0.          0.          0.01516404  0.          0.01194057  0.          0.
  0.0088776   0.          0.00322019  0.          0.          0.        ]
row 52:
[ 0.          0.00152155  0.03773896  0.02598737  0.01589584  0.00413944
  0.02696207  0.          0.00547947  0.01238631  0.          0.
  0.03643853  0.04684569  0.01302986  0.          0.02859981  0.          0.
  0.          0.          0.01601913  0.          0.01234963  0.          0.
  0.00299788  0.          0.00608363  0.00363     0.          0.        ]
row 53:
[ 0.          0.00694557  0.04593705  0.02036545  0.00956347  0.00510188
  0.03048137  0.          0.01094906  0.01723627  0.          0.
  0.04029012  0.05104453  0.018233    0.          0.02481603  0.          0.
  0.          0.          0.0145948   0.          0.01138011  0.          0.
  0.          0.          0.00735127  0.01490952  0.          0.0009743 ]
row 54:
[ 0.00119231  0.01149953  0.05064923  0.01307386  0.00388272  0.00492244
  0.032493    0.          0.01504098  0.02165375  0.          0.
  0.04021668  0.0501086   0.02157517  0.          0.01739164  0.00262594
  0.          0.          0.00043825  0.01104141  0.          0.0083558   0.
  0.0093381   0.          0.          0.00876544  0.02525672  0.
  0.00436606]
row 55:
[ 0.00279587  0.01488651  0.05248735  0.00521804  0.          0.0051047
  0.0321935   0.          0.01740274  0.02552361  0.00713095  0.
  0.03564208  0.04574999  0.02319416  0.00065142  0.00832271  0.00856943
  0.          0.          0.00012669  0.00520289  0.          0.00466884
  0.          0.01825492  0.          0.          0.00829943  0.03385871
  0.          0.00796384]
row 56:
[ 0.00269784  0.01602947  0.05165402  0.          0.          0.00259235
  0.03011527  0.          0.01813957  0.02914115  0.01418507  0.
  0.02858957  0.03815569  0.02319987  0.00433438  0.          0.01490317
  0.          0.          0.0016036   0.          0.          0.00052562
  0.          0.02404561  0.          0.          0.00644485  0.03980244
  0.          0.01118232]
row 57:
[ 0.00357095  0.01606024  0.04928825  0.          0.          0.00195085
  0.02617794  0.          0.01680166  0.03275312  0.01998965  0.
  0.01883654  0.02879786  0.02204552  0.00556795  0.          0.02193201
  0.0071937   0.          0.00259811  0.          0.          0.          0.
  0.02684597  0.          0.          0.00420718  0.04276258  0.
  0.01319115]
row 58:
[ 0.00433995  0.01498873  0.04578127  0.          0.          0.00034241
  0.02108822  0.          0.01389418  0.03600525  0.02382929  0.
  0.00771034  0.01928682  0.01990841  0.00365953  0.          0.02890721
  0.02024952  0.          0.00281358  0.          0.00184496  0.          0.
  0.02623682  0.          0.          0.00080722  0.04260892  0.
  0.01394301]
row 59:
[ 0.00487875  0.01287193  0.04252878  0.          0.          0.
  0.01560413  0.          0.00927143  0.03934497  0.02492613  0.          0.
  0.01111595  0.01686947  0.          0.          0.03541261  0.03192476
  0.          0.00342545  0.          0.00893896  0.          0.
  0.02202969  0.0040632   0.          0.          0.03930447  0.          0.0130565 ]
row 60:
[ 0.00503829  0.01125265  0.03924608  0.          0.          0.
  0.00916523  0.          0.00499481  0.04162863  0.02519076  0.          0.
  0.00426494  0.01429225  0.          0.          0.0408935   0.04124946
  0.          0.00393038  0.          0.01377808  0.          0.
  0.01666811  0.00783564  0.          0.          0.03450914  0.
  0.01037938]
row 61:
[ 0.00614644  0.01018023  0.03627357  0.          0.          0.
  0.00300221  0.          0.00010386  0.04310818  0.02447496  0.          0.
  0.          0.01192171  0.          0.          0.04481739  0.04791034
  0.          0.00425346  0.          0.0164648   0.          0.
  0.00988023  0.01055421  0.          0.          0.02802461  0.
  0.00658141]
row 62:
[ 0.00662008  0.00867157  0.0343492   0.          0.          0.          0.
  0.          0.          0.0439062   0.02221053  0.          0.          0.
  0.01009891  0.          0.          0.04687198  0.05099546  0.
  0.00321428  0.          0.01671115  0.00190839  0.          0.00319709
  0.01263473  0.          0.          0.02190945  0.          0.00440861]
row 63:
[ 0.00753298  0.00767543  0.03314247  0.          0.          0.          0.
  0.          0.          0.04347241  0.01932731  0.          0.          0.
  0.00903784  0.          0.          0.04765949  0.05124858  0.
  0.00162802  0.          0.01492374  0.00548629  0.          0.
  0.01366092  0.          0.          0.01645103  0.          0.00227273]
row 64:
[ 0.00977177  0.00740036  0.03236396  0.          0.          0.          0.
  0.          0.          0.04242721  0.01699672  0.          0.          0.
  0.00854578  0.          0.          0.04686205  0.04987112  0.
  0.00027215  0.          0.0123047   0.00829165  0.          0.
  0.01382404  0.          0.          0.01233004  0.          0.00048208]
row 65:
[ 0.01108817  0.00688977  0.03228304  0.          0.          0.          0.
  0.          0.          0.04139     0.01467968  0.          0.
  0.00126855  0.0083965   0.          0.          0.04481718  0.04690322
  0.          0.          0.          0.00955599  0.00957367  0.          0.
  0.01372662  0.          0.          0.01018081  0.          0.00034007]
row 66:
[ 0.0118377   0.00630461  0.03323664  0.          0.          0.00018266
  0.          0.          0.          0.04051021  0.01254893  0.          0.
  0.0039365   0.00852497  0.          0.          0.04291238  0.04363954
  0.          0.          0.          0.00688352  0.0089263   0.          0.
  0.01421742  0.          0.          0.01013116  0.          0.00086273]
row 67:
[ 0.01306463  0.00623597  0.03438038  0.          0.          0.00012741
  0.          0.          0.          0.0402318   0.01180852  0.          0.
  0.00596211  0.00882502  0.          0.          0.04119177  0.04160837
  0.          0.          0.          0.00520509  0.00692905  0.          0.
  0.01541268  0.          0.          0.01185377  0.          0.0007189 ]
row 68:
[ 0.01313301  0.00674019  0.03617738  0.          0.          0.00063429
  0.00209543  0.00077883  0.          0.04089437  0.01221497  0.          0.
  0.00794088  0.00931451  0.          0.          0.0403368   0.0403102   0.
  0.          0.          0.00442703  0.00544919  0.          0.
  0.01580589  0.          0.          0.01423084  0.          0.00117928]
row 69:
[ 0.0123498   0.00693435  0.03854046  0.          0.          0.00176329
  0.00527481  0.00039034  0.          0.04234309  0.01331621  0.          0.
  0.00878151  0.01037339  0.          0.          0.04066017  0.04039137
  0.          0.          0.          0.00485705  0.00292762  0.          0.
  0.01614608  0.          0.          0.01812466  0.          0.00280744]
row 70:
[ 0.0135167   0.00797182  0.03987053  0.          0.          0.00156991
  0.00697304  0.          0.          0.04398699  0.01610859  0.          0.
  0.00794031  0.01087951  0.          0.          0.04214494  0.04301002
  0.          0.          0.          0.00697871  0.          0.
  0.00122192  0.01689306  0.          0.          0.02216013  0.
  0.00286177]
row 71:
[ 0.01335368  0.00828994  0.0415239   0.          0.          0.00148242
  0.0078602   0.00065936  0.          0.04670622  0.01840313  0.          0.
  0.00695134  0.01140023  0.          0.          0.04457583  0.04666547
  0.          0.          0.          0.00954116  0.          0.
  0.00373246  0.01802406  0.          0.          0.02518705  0.
  0.00398384]
row 72:
[  1.16282031e-02   9.34737641e-03   4.26490903e-02   0.00000000e+00
   0.00000000e+00   9.33234405e-05   6.45230617e-03   1.50089967e-03
   0.00000000e+00   4.87643555e-02   2.06260793e-02   0.00000000e+00
   0.00000000e+00   5.31886099e-03   1.16068386e-02   0.00000000e+00
   0.00000000e+00   4.77152988e-02   5.00985458e-02   0.00000000e+00
   3.30538285e-04   0.00000000e+00   1.17771216e-02   0.00000000e+00
   0.00000000e+00   4.99389740e-03   1.76923368e-02   0.00000000e+00
   0.00000000e+00   2.68436968e-02   0.00000000e+00   4.34016949e-03]
row 73:
[ 0.01021944  0.01048616  0.04259571  0.          0.          0.
  0.00364494  0.          0.          0.04988173  0.02267209  0.          0.
  0.00336447  0.01191518  0.          0.          0.05039428  0.05297801
  0.          0.00181709  0.          0.01361739  0.00075971  0.
  0.00438717  0.01653252  0.          0.          0.02601383  0.
  0.00266874]
row 74:
[ 0.00762559  0.01097965  0.04165309  0.          0.          0.          0.
  0.          0.          0.04994242  0.02290274  0.          0.
  0.00264239  0.01156079  0.          0.          0.05171858  0.05354587
  0.          0.0035915   0.          0.01376678  0.00478156  0.
  0.00113817  0.01461311  0.          0.          0.02264462  0.
  0.00151581]
row 75:
[ 0.00568789  0.01122373  0.03944619  0.          0.          0.          0.
  0.          0.          0.04795847  0.02207182  0.          0.          0.0017141
  0.01154994  0.          0.          0.05160571  0.05166309  0.          0.0050184
  0.          0.01248518  0.01015379  0.          0.          0.01095202
  0.          0.          0.01785483  0.          0.        ]
row 76:
[ 0.00467388  0.01222023  0.03573115  0.          0.          0.          0.
  0.          0.          0.04347467  0.02010795  0.          0.
  0.00252243  0.01128409  0.          0.          0.04920264  0.04698347
  0.          0.00338605  0.          0.00925073  0.01726355  0.          0.
  0.00560094  0.          0.          0.01065123  0.          0.        ]
row 77:
[ 0.00419795  0.01319017  0.03053529  0.          0.          0.          0.
  0.00107183  0.          0.03661047  0.01686184  0.          0.
  0.00421204  0.0101375   0.          0.          0.04350079  0.03846949
  0.          0.00279063  0.          0.00471028  0.0243248   0.          0.
  0.          0.          0.          0.00225643  0.          0.        ]
row 78:
[ 0.00280459  0.0135459   0.02382651  0.          0.          0.          0.
  0.00077143  0.          0.02694029  0.01350583  0.          0.
  0.00594362  0.00953787  0.          0.          0.03492806  0.02674468
  0.          0.0008414   0.          0.          0.02944753  0.          0.
  0.          0.          0.          0.          0.          0.        ]
row 79:
[ 0.0023041   0.01312319  0.01527255  0.          0.          0.          0.
  0.00068321  0.          0.01552832  0.00933194  0.          0.
  0.00707553  0.00805522  0.          0.00375975  0.02394667  0.01373135
  0.0058804   0.          0.          0.          0.03191317  0.          0.
  0.          0.          0.          0.          0.          0.        ]
row 80:
[ 0.0020643   0.01218023  0.00577612  0.          0.          0.          0.
  0.00210333  0.          0.00317208  0.00529968  0.          0.
  0.00759212  0.00610443  0.          0.01325697  0.01152482  0.00014528
  0.01424154  0.          0.          0.          0.0322682   0.          0.
  0.          0.          0.          0.          0.          0.        ]
row 81:
[ 0.00113009  0.01056312  0.          0.          0.          0.          0.
  0.00220098  0.          0.          0.00145231  0.          0.00484213
  0.0066793   0.00377552  0.          0.02074553  0.          0.
  0.02092621  0.          0.00402987  0.          0.02945337  0.          0.
  0.          0.          0.          0.          0.00337944  0.        ]
row 82:
[ 0.00057492  0.00793168  0.          0.          0.          0.00088937
  0.          0.00238645  0.          0.          0.          0.00397609
  0.01001878  0.00476659  0.00069575  0.00445469  0.02610521  0.          0.
  0.02588472  0.          0.01700222  0.          0.02394315  0.          0.
  0.          0.          0.00144955  0.          0.01482037  0.        ]
row 83:
[ 0.          0.00453149  0.          0.          0.          0.00057437
  0.          0.00141245  0.00151694  0.          0.          0.00830891
  0.01346911  0.00093132  0.          0.01384778  0.02785685  0.          0.
  0.02830772  0.          0.02837442  0.          0.01526984  0.          0.
  0.          0.00466138  0.00562144  0.          0.02478787  0.        ]
row 84:
[ 0.          0.00083201  0.          0.00106819  0.          0.00046758
  0.          0.00199094  0.00421481  0.          0.          0.01325017
  0.01456625  0.          0.          0.02196798  0.02666605  0.          0.
  0.02896728  0.          0.03637492  0.          0.00555915  0.00024312
  0.00216186  0.          0.00963357  0.00886962  0.          0.03314931
  0.        ]
row 85:
[ 0.          0.          0.          0.00329738  0.          0.00098845
  0.          0.00226525  0.00620262  0.          0.          0.01821611
  0.0132286   0.          0.          0.02874417  0.0221818   0.          0.
  0.02692223  0.          0.0407427   0.          0.          0.00302714
  0.00835989  0.          0.01422983  0.01156421  0.          0.03932095
  0.00145428]
row 86:
[ 0.          0.          0.          0.00483129  0.00129128  0.00113707
  0.          0.00223516  0.00700239  0.          0.          0.0229791
  0.00930002  0.          0.          0.03287475  0.01550394  0.          0.
  0.02307851  0.          0.04128139  0.00617941  0.          0.00557936
  0.0136812   0.          0.0181773   0.01283783  0.          0.04310374
  0.00345136]
row 87:
[ 0.          0.          0.          0.00541834  0.00785575  0.00027107
  0.00068919  0.0020393   0.00728745  0.          0.          0.02719972
  0.00374511  0.          0.          0.03513497  0.00702243  0.          0.
  0.01806682  0.          0.03842255  0.01333305  0.          0.00796221
  0.01789141  0.          0.0212647   0.01279219  0.          0.04415037
  0.00504756]
row 88:
[ 0.          0.          0.          0.00461788  0.01283407  0.
  0.00216124  0.0021466   0.00676143  0.          0.          0.03089425
  0.          0.          0.          0.03547545  0.          0.          0.
  0.01265045  0.          0.03236363  0.02073067  0.          0.00995632
  0.02070992  0.00061771  0.02301189  0.01163122  0.          0.04283232
  0.0055906 ]
row 89:
[ 0.          0.          0.          0.00285145  0.01635766  0.
  0.00223102  0.0020715   0.0048144   0.          0.          0.03401695
  0.          0.          0.          0.03298104  0.          0.          0.
  0.00681116  0.0004912   0.02377537  0.0276158   0.          0.01106683
  0.02125403  0.00768674  0.0236494   0.00951611  0.          0.03962082
  0.00552154]
row 90:
[ 0.          0.          0.          0.00086625  0.01890279  0.
  0.00100702  0.00231576  0.00217687  0.          0.          0.03633535
  0.          0.          0.          0.02836896  0.          0.
  0.00770042  0.00130309  0.00142205  0.01377894  0.03321244  0.
  0.01157109  0.01983068  0.01465589  0.02374257  0.00682437  0.          0.0351695
  0.0047319 ]
row 91:
[ 0.00041576  0.          0.          0.          0.02155301  0.
  0.00018623  0.00129608  0.          0.          0.00033238  0.0370601   0.
  0.          0.          0.02165713  0.          0.          0.019099    0.
  0.00185389  0.00314959  0.03690068  0.          0.01149653  0.01616075
  0.02174214  0.02300723  0.00378042  0.00020239  0.02919644  0.00483378]
row 92:
[ 0.00274994  0.          0.          0.          0.0225902   0.          0.
  0.00107254  0.          0.          0.00171399  0.03628501  0.          0.
  0.          0.01428891  0.          0.          0.02966047  0.
  0.00200489  0.          0.03892829  0.          0.01051883  0.01189135
  0.027149    0.02172041  0.0011144   0.00037294  0.02219028  0.0039615 ]
row 93:
[ 0.00401982  0.          0.          0.          0.0224449   0.          0.
  0.00180489  0.          0.          0.00300384  0.03487176  0.          0.
  0.          0.00674632  0.          0.003246    0.03836664  0.
  0.00331292  0.          0.03955374  0.          0.00938677  0.00762284
  0.03092001  0.01906853  0.          0.          0.0152537   0.00178263]
row 94:
[ 0.00499089  0.          0.          0.          0.02225254  0.          0.
  0.00242718  0.          0.00440161  0.00335081  0.03209026  0.          0.
  0.          0.          0.          0.0111788   0.0453083   0.
  0.00279134  0.          0.03858782  0.          0.00818984  0.00286528
  0.03413573  0.01632402  0.          0.          0.00793475  0.00058876]
row 95:
[ 0.00643785  0.          0.          0.          0.02212237  0.          0.
  0.00225099  0.          0.01237452  0.0033383   0.02778021  0.          0.
  0.          0.          0.          0.01852519  0.04998759  0.
  0.00169631  0.          0.03573375  0.          0.00629777  0.
  0.03688759  0.01314732  0.          0.          0.00074594  0.        ]
row 96:
[ 0.00748613  0.          0.          0.          0.02018504  0.          0.
  0.0016786   0.          0.01923846  0.00391725  0.02233607  0.          0.
  0.          0.          0.          0.02521441  0.0527821   0.
  0.00164455  0.          0.03172522  0.          0.00435923  0.
  0.03722991  0.00968033  0.          0.          0.          0.        ]
row 97:
[ 0.00731144  0.          0.00132287  0.          0.01851384  0.          0.
  0.00183024  0.          0.02616874  0.00366499  0.01600035  0.          0.
  0.          0.          0.          0.03023516  0.05320155  0.
  0.00251875  0.          0.02635974  0.          0.00281995  0.
  0.03662434  0.00517349  0.          0.00023883  0.          0.        ]
row 98:
[ 0.00688937  0.          0.01101773  0.          0.0157757   0.          0.
  0.00075749  0.          0.03164759  0.00321859  0.00871732  0.          0.
  0.          0.          0.          0.03480441  0.05140756  0.          0.0014098
  0.          0.0197743   0.          0.00045231  0.          0.03412784
  0.00116672  0.          0.00058285  0.          0.        ]
row 99:
[ 0.00651678  0.          0.02015163  0.          0.01342574  0.          0.
  0.00049128  0.          0.03612367  0.00234007  0.00150843  0.          0.
  0.          0.          0.          0.03762266  0.04768611  0.
  0.00158633  0.          0.01200727  0.          0.          0.
  0.03175398  0.          0.          0.00034772  0.          0.        ]
row 100:
[  4.92026238e-03   0.00000000e+00   2.90078986e-02   0.00000000e+00
   9.72793903e-03   0.00000000e+00   0.00000000e+00   4.83724172e-04
   0.00000000e+00   3.94880213e-02   1.27872359e-03   0.00000000e+00
   0.00000000e+00   2.02849600e-03   2.53235642e-03   0.00000000e+00
   0.00000000e+00   3.89199369e-02   4.15313467e-02   0.00000000e+00
   2.32206937e-03   0.00000000e+00   3.31682875e-03   6.73770998e-03
   0.00000000e+00   0.00000000e+00   2.70553716e-02   0.00000000e+00
   0.00000000e+00   5.30206235e-05   0.00000000e+00   0.00000000e+00]
row 101:
[  3.42587195e-03   1.43871712e-03   3.74613181e-02   0.00000000e+00
   5.04006445e-03   0.00000000e+00   0.00000000e+00   7.96863460e-05
   0.00000000e+00   4.12886776e-02   4.97188703e-05   0.00000000e+00
   0.00000000e+00   1.28630949e-02   7.19774608e-03   0.00000000e+00
   0.00000000e+00   3.89383994e-02   3.30461077e-02   0.00000000e+00
   1.69552269e-03   0.00000000e+00   0.00000000e+00   1.56537909e-02
   0.00000000e+00   0.00000000e+00   2.05670390e-02   0.00000000e+00
   0.00000000e+00   0.00000000e+00   0.00000000e+00   0.00000000e+00]
row 102:
[ 0.00258726  0.00529473  0.04402456  0.00080743  0.00026531  0.          0.
  0.          0.          0.04090239  0.          0.          0.
  0.02325144  0.01161819  0.          0.          0.03708867  0.0231968   0.
  0.00100957  0.          0.          0.02309361  0.          0.
  0.01318985  0.          0.          0.          0.          0.        ]
row 103:
[ 0.00190104  0.00886823  0.04870611  0.00193545  0.          0.00054948
  0.0010229   0.          0.          0.03903883  0.          0.
  0.00437414  0.03280237  0.01541513  0.          0.00577735  0.03333538
  0.0122209   0.          0.00147693  0.          0.          0.02991818
  0.          0.          0.00528352  0.          0.          0.          0.
  0.        ]
row 104:
[ 0.00080538  0.01212034  0.05166207  0.00248298  0.          0.00142241
  0.00243524  0.          0.          0.03550304  0.          0.          0.0143744
  0.04074845  0.01914098  0.          0.01401195  0.02836797  0.00085299
  0.          0.00014872  0.          0.          0.03482234  0.          0.
  0.          0.          0.          0.00072318  0.          0.        ]
row 105:
[ 0.00096755  0.01503049  0.05247641  0.00322249  0.          0.00202834
  0.00441924  0.          0.          0.03070265  0.          0.
  0.02297875  0.04687729  0.02156369  0.          0.0213197   0.02239515
  0.          0.          0.          0.          0.          0.03740961
  0.          0.          0.          0.          0.          0.00207824
  0.          0.        ]
row 106:
[ 0.00105458  0.0171185   0.0511854   0.00357668  0.          0.00211336
  0.00688948  0.          0.00270951  0.02504061  0.          0.
  0.03043263  0.05054887  0.02304338  0.          0.02646717  0.01583858
  0.          0.          0.          0.          0.          0.03708347
  0.          0.          0.          0.          0.          0.00464474
  0.          0.        ]
row 107:
[ 0.00068345  0.01837194  0.04748168  0.00279512  0.          0.0022809
  0.00897106  0.          0.00730586  0.0189103   0.0004713   0.
  0.03577969  0.05061268  0.02364971  0.          0.02841124  0.00930001
  0.          0.00238377  0.          0.00458323  0.          0.03415084
  0.          0.          0.          0.          0.00117826  0.0082253   0.
  0.        ]
row 108:
[ 0.0008308   0.01897752  0.0416721   0.00098279  0.          0.00310283
  0.01039446  0.          0.01099627  0.01280735  0.00295217  0.
  0.03782723  0.04732752  0.02297652  0.          0.02750519  0.00356587
  0.          0.00429017  0.          0.01082305  0.          0.02895984
  0.          0.00066726  0.          0.          0.00427224  0.0117138   0.
  0.00086052]
row 109:
[ 0.00166799  0.01865851  0.03412899  0.          0.          0.00376312
  0.01134134  0.          0.0138      0.0072      0.00592464  0.
  0.03636509  0.04089639  0.02076178  0.00427133  0.02384043  0.          0.
  0.00492934  0.          0.01491466  0.          0.02149482  0.
  0.00878688  0.          0.          0.00702629  0.01527361  0.
  0.00294822]
row 110:
[ 0.00262042  0.01730519  0.02529111  0.          0.          0.00313754
  0.01162832  0.          0.01594199  0.0024084   0.00954753  0.
  0.03179789  0.03133781  0.01767854  0.0132209   0.01707372  0.          0.
  0.00449045  0.          0.01656914  0.          0.01241851  0.
  0.01697103  0.          0.          0.00895966  0.0191684   0.
  0.00560943]
row 111:
[ 0.00356646  0.01478537  0.01598973  0.          0.          0.0023821
  0.01122184  0.          0.0166578   0.          0.01310906  0.
  0.02423211  0.01951054  0.01389295  0.02047637  0.00769117  0.          0.
  0.00273658  0.          0.01521035  0.          0.00243969  0.
  0.02387748  0.          0.          0.00977261  0.0226594   0.
  0.00897531]
row 112:
[ 0.00408187  0.01218496  0.00575972  0.          0.          0.00076929
  0.00868311  0.          0.01596603  0.          0.01681419  0.
  0.01392694  0.00584288  0.0088437   0.02559726  0.          0.          0.
  0.00102968  0.          0.01123459  0.00354926  0.          0.
  0.02900986  0.          0.          0.00902568  0.02420121  0.
  0.01015018]
row 113:
[ 0.0033302   0.0087483   0.          0.          0.          0.00027378
  0.00456655  0.00056782  0.01352082  0.          0.01967965  0.
  0.00205442  0.          0.00351801  0.02823967  0.          0.
  0.00366797  0.          0.00048978  0.00540616  0.01622193  0.
  0.00222217  0.03151666  0.          0.          0.00699885  0.02335122
  0.00084881  0.00966637]
row 114:
[ 0.00257501  0.00550499  0.          0.          0.          0.          0.
  0.00152198  0.01006889  0.          0.02178403  0.01033947  0.          0.
  0.          0.02880934  0.          0.00010248  0.01557724  0.
  0.00233393  0.          0.02801601  0.          0.00450514  0.03129344
  0.          0.          0.00431465  0.02002675  0.00490341  0.00766921]
row 115:
[ 0.00252476  0.00151653  0.          0.          0.          0.          0.
  0.00125618  0.00528255  0.          0.02216988  0.02100985  0.          0.
  0.          0.02700397  0.          0.00311334  0.0266861   0.
  0.00302803  0.          0.03796741  0.          0.0059591   0.02806565
  0.          0.00303819  0.00146951  0.01486595  0.00869524  0.00597238]
row 116:
[ 0.00264002  0.          0.          0.          0.          0.          0.
  0.00162797  0.          0.          0.02069045  0.03047284  0.          0.
  0.          0.02272205  0.          0.00582376  0.03553092  0.          0.0022929
  0.          0.04469357  0.          0.00690739  0.02180699  0.003836
  0.0078288   0.          0.00781594  0.01207247  0.00446067]
row 117:
[ 0.00331595  0.          0.          0.          0.          0.          0.
  0.00184293  0.          0.          0.01806089  0.03834062  0.          0.
  0.          0.01795275  0.          0.00735824  0.04148235  0.
  0.00275217  0.          0.04865509  0.          0.00691699  0.01423557
  0.00805278  0.01206226  0.          0.          0.01573828  0.00150115]
row 118:
[ 0.00411521  0.          0.          0.          0.          0.          0.
  0.00222162  0.          0.          0.01467449  0.04483765  0.          0.
  0.          0.01280609  0.          0.00725008  0.04450073  0.00118876
  0.00174779  0.          0.05021824  0.          0.00721903  0.00689013
  0.01106617  0.01582316  0.          0.          0.01939304  0.        ]
row 119:
[ 0.00490138  0.          0.          0.          0.          0.          0.
  0.0036183   0.          0.          0.00989185  0.04927305  0.          0.
  0.          0.00819972  0.          0.00565971  0.04450529  0.00257404
  0.00107983  0.          0.04949559  0.          0.00693986  0.          0.0146652
  0.0191616   0.          0.          0.02310499  0.        ]
row 120:
[ 0.00562835  0.          0.          0.          0.00252962  0.          0.
  0.0044736   0.          0.          0.00497393  0.05146254  0.          0.
  0.          0.00427249  0.          0.00361374  0.04243186  0.00351651
  0.          0.          0.04672603  0.          0.00673863  0.
  0.01749635  0.02202102  0.          0.          0.0260736   0.        ]
